stage_id,stat_date,epc
43,2026-06-24,0.0000
43,2026-06-25,0.0000
43,2026-06-27,0.0000
43,2026-06-30,0.0000
43,2026-07-01,0.0000
43,2026-07-02,0.0000
43,2026-07-14,0.0000
43,2026-07-23,0.0000
43,2026-07-24,0.0000
46,2026-06-24,0.0000
46,2026-06-25,0.0000
46,2026-06-26,0.0000
46,2026-06-27,0.0000
46,2026-06-30,0.0000
46,2026-07-01,0.0000
46,2026-07-14,0.0000
46,2026-07-18,0.0000
46,2026-07-21,0.0000
46,2026-07-24,0.0000
46,2026-07-25,0.0000
46,2026-07-28,0.0000
46,2026-07-30,0.0000
46,2026-08-03,0.0000
47,2026-06-20,0.0000
47,2026-07-01,0.0000
48,2026-07-01,0.0000
48,2026-07-21,0.0000
49,2026-07-04,0.0000
49,2026-07-05,0.0000
49,2026-07-06,0.0000
49,2026-07-13,0.0000
49,2026-07-19,0.0000
49,2026-07-20,0.0000
49,2026-07-21,0.0000
49,2026-07-22,0.0000
49,2026-07-25,0.0000
49,2026-07-26,0.0000
49,2026-07-28,0.0000
49,2026-07-31,0.0000
49,2026-08-03,0.0000
49,2026-08-07,0.0000
49,2026-08-08,0.0000
50,2026-06-16,0.0000
50,2026-06-18,0.0000
50,2026-06-29,0.0000
50,2026-07-04,0.0000
50,2026-07-05,0.0000
50,2026-07-06,0.0000
50,2026-07-08,0.0000
50,2026-07-13,0.0000
50,2026-07-15,0.0000
50,2026-07-19,0.0000
50,2026-07-20,0.0000
50,2026-07-21,0.0000
50,2026-07-22,0.0000
50,2026-07-23,0.0000
50,2026-07-25,0.0000
50,2026-07-28,0.0000
50,2026-07-30,0.0000
50,2026-07-31,0.0000
50,2026-08-01,0.0000
50,2026-08-03,0.0000
50,2026-08-06,0.0000
50,2026-08-08,0.0000
50,2026-08-10,0.0000
51,2026-07-01,0.0000
51,2026-07-22,0.0000
52,2026-06-24,0.0000
52,2026-07-07,0.0000
52,2026-07-16,0.0000
52,2026-07-19,0.0000
52,2026-07-21,0.0000
52,2026-07-25,0.0000
52,2026-08-02,0.0000
52,2026-08-10,0.0000
54,2026-06-15,0.0000
54,2026-07-04,0.0000
54,2026-07-05,0.0000
54,2026-07-08,0.0000
54,2026-07-11,0.0000
54,2026-07-14,0.0000
54,2026-07-19,0.0000
54,2026-07-20,0.0000
54,2026-07-21,0.0000
54,2026-07-22,0.0000
54,2026-07-23,0.0000
54,2026-07-25,0.0000
54,2026-07-26,0.0000
54,2026-07-28,0.0000
54,2026-07-30,0.0000
54,2026-07-31,0.0000
54,2026-08-01,0.0000
54,2026-08-03,0.0000
54,2026-08-06,0.0000
54,2026-08-08,0.0000
55,2026-06-16,0.0000
55,2026-06-17,0.0000
55,2026-06-19,0.0000
55,2026-06-20,0.0000
55,2026-06-24,0.0000
55,2026-06-25,0.0000
55,2026-06-26,0.0000
55,2026-06-30,0.0000
55,2026-07-01,0.0000
55,2026-07-02,0.0000
55,2026-07-04,0.0000
55,2026-07-08,0.0000
55,2026-07-09,0.0000
55,2026-07-10,0.0000
55,2026-07-17,0.0000
55,2026-07-28,0.0000
55,2026-07-29,0.0000
55,2026-08-03,0.0000
55,2026-08-08,0.0000
55,2026-08-10,0.0000
66,2026-06-15,0.0000
66,2026-06-16,0.0000
66,2026-06-18,0.0000
66,2026-06-19,0.0000
66,2026-06-20,0.0000
66,2026-06-24,0.0000
66,2026-06-25,0.0000
66,2026-06-26,0.0000
66,2026-06-27,0.0000
66,2026-06-30,0.0000
66,2026-07-01,0.0000
66,2026-07-02,0.0000
66,2026-07-07,0.0000
66,2026-07-08,0.0000
66,2026-07-09,0.0000
66,2026-07-10,0.0000
66,2026-07-11,0.0000
66,2026-08-05,0.0000
67,2026-06-23,0.0000
67,2026-07-03,0.0000
67,2026-07-04,0.0000
67,2026-07-06,0.0000
67,2026-07-21,0.0000
67,2026-07-23,0.0000
67,2026-07-25,0.0000
67,2026-07-27,0.0000
67,2026-07-31,0.0000
67,2026-08-04,0.0000
67,2026-08-05,0.0000
67,2026-08-10,0.0000
77,2026-06-19,0.0000
77,2026-06-23,0.0000
77,2026-06-30,0.0000
77,2026-07-01,0.0000
77,2026-07-03,0.0000
77,2026-07-17,0.0000
77,2026-07-20,0.0000
77,2026-07-25,0.0000
78,2026-06-15,0.0000
78,2026-06-17,0.0000
78,2026-06-19,0.0000
78,2026-06-20,0.0000
78,2026-06-24,0.0000
78,2026-06-25,0.0000
78,2026-06-26,0.0000
78,2026-06-27,0.0000
78,2026-06-30,0.0000
78,2026-07-01,0.0000
78,2026-07-02,0.0000
78,2026-07-04,0.0000
78,2026-07-07,0.0000
78,2026-07-08,0.0000
78,2026-07-09,0.0000
78,2026-07-10,0.0000
78,2026-07-11,0.0000
78,2026-07-12,0.0000
78,2026-07-13,0.0000
78,2026-07-14,0.0000
78,2026-07-15,0.0000
78,2026-07-16,0.0000
78,2026-07-19,0.0000
78,2026-07-20,0.0000
78,2026-07-25,0.0000
78,2026-08-03,0.0000
79,2026-06-16,0.0000
79,2026-06-17,0.0000
79,2026-06-23,0.0000
79,2026-07-03,0.0000
79,2026-07-04,0.0000
79,2026-07-05,0.0000
79,2026-07-07,0.0000
79,2026-07-08,0.0000
79,2026-07-16,0.0000
79,2026-07-22,0.0000
79,2026-07-25,0.0000
79,2026-07-27,0.0000
79,2026-07-31,0.0000
79,2026-08-05,0.0000
79,2026-08-10,0.0000
80,2026-06-19,0.0000
80,2026-06-30,0.0000
80,2026-07-17,0.0000
80,2026-07-20,0.0000
80,2026-07-21,0.0000
80,2026-07-22,0.0000
80,2026-07-25,0.0000
80,2026-07-31,0.0000
81,2026-06-15,0.0000
81,2026-06-17,0.0000
81,2026-06-18,0.0000
81,2026-06-19,0.0000
81,2026-06-20,0.0000
81,2026-06-23,0.0000
81,2026-06-25,0.0000
81,2026-06-26,0.0000
81,2026-07-01,0.0000
81,2026-07-09,0.0000
81,2026-07-11,0.0000
81,2026-07-13,0.0000
95,2026-06-15,0.0000
95,2026-06-19,0.0000
95,2026-06-20,0.0000
95,2026-06-23,0.0000
95,2026-06-24,0.0000
95,2026-06-25,0.0000
95,2026-06-26,0.0000
95,2026-07-01,0.0000
95,2026-07-04,0.0000
95,2026-07-08,0.0000
95,2026-07-10,0.0000
95,2026-07-11,0.0000
95,2026-07-13,0.0000
96,2026-06-19,0.0000
96,2026-06-23,0.0000
96,2026-06-24,0.0000
96,2026-07-03,0.0000
96,2026-07-04,0.0000
96,2026-07-06,0.0000
96,2026-07-16,0.0000
96,2026-07-21,0.0000
96,2026-07-22,0.0000
96,2026-07-26,0.0000
96,2026-07-27,0.0000
96,2026-07-30,0.0000
96,2026-07-31,0.0000
96,2026-08-05,0.0000
97,2026-06-17,0.0000
97,2026-06-30,0.0000
97,2026-07-02,0.0000
97,2026-07-20,0.0000
97,2026-07-21,0.0000
97,2026-07-23,0.0000
97,2026-07-26,0.0000
97,2026-07-31,0.0000
98,2026-06-15,0.0000
98,2026-06-16,0.0000
98,2026-06-18,0.0000
98,2026-06-19,0.0000
98,2026-06-20,0.0000
98,2026-06-21,0.0000
98,2026-06-22,0.0000
98,2026-06-23,0.0000
98,2026-06-24,0.0000
98,2026-06-25,0.0000
98,2026-06-26,0.0000
98,2026-06-29,0.0000
98,2026-06-30,0.0000
98,2026-07-01,0.0000
98,2026-07-02,0.0000
98,2026-07-09,0.0000
98,2026-07-11,0.0000
98,2026-07-13,75.0000
98,2026-07-18,0.0000
98,2026-07-19,0.0000
98,2026-07-27,0.0000
98,2026-07-29,0.0000
98,2026-08-01,0.0000
98,2026-08-05,0.0000
98,2026-08-06,0.0000
121,2026-06-16,0.0000
121,2026-06-17,0.0000
121,2026-06-19,0.0000
121,2026-06-21,0.0000
121,2026-06-22,0.0000
121,2026-06-23,0.0000
121,2026-06-24,0.0000
121,2026-06-25,0.0000
121,2026-06-26,0.0000
121,2026-06-30,0.0000
121,2026-07-09,0.0000
121,2026-07-10,0.0000
121,2026-07-11,0.0000
121,2026-07-18,0.0000
121,2026-07-21,0.0000
121,2026-07-27,0.0000
121,2026-08-01,0.0000
121,2026-08-10,0.0000
122,2026-06-18,0.0000
122,2026-06-19,0.0000
122,2026-06-20,0.0000
122,2026-06-22,0.0000
122,2026-06-23,0.0000
122,2026-06-24,0.0000
122,2026-06-25,0.0000
122,2026-06-26,0.0000
122,2026-06-30,0.0000
122,2026-07-09,0.0000
122,2026-07-11,0.0000
122,2026-07-13,0.0000
122,2026-07-18,0.0000
122,2026-08-01,0.0000
122,2026-08-10,0.0000
123,2026-06-18,0.0000
123,2026-06-19,0.0000
123,2026-06-20,33.0000
123,2026-06-22,0.0000
123,2026-06-23,0.0000
123,2026-06-24,0.0000
123,2026-06-25,0.0000
123,2026-06-26,0.0000
123,2026-06-28,0.0000
123,2026-07-01,0.0000
123,2026-07-09,0.0000
123,2026-07-10,0.0000
123,2026-07-11,0.0000
123,2026-07-12,0.0000
123,2026-07-13,0.0000
124,2026-06-22,0.0000
124,2026-06-24,0.0000
124,2026-06-25,0.0000
124,2026-06-26,0.0000
124,2026-06-28,0.0000
124,2026-06-30,0.0000
124,2026-07-01,0.0000
124,2026-07-03,0.0000
124,2026-07-05,0.0000
124,2026-07-07,0.0000
124,2026-07-08,0.0000
124,2026-07-09,0.0000
124,2026-07-11,0.0000
124,2026-07-16,0.0000
124,2026-07-21,0.0000
124,2026-08-03,0.0000
124,2026-08-08,0.0000
125,2026-06-17,0.0000
125,2026-06-19,0.0000
125,2026-06-20,0.0000
125,2026-06-24,0.0000
125,2026-06-25,0.0000
125,2026-06-26,0.0000
125,2026-06-27,0.0000
125,2026-06-30,0.0000
125,2026-07-01,0.0000
125,2026-07-02,0.0000
125,2026-07-03,0.0000
125,2026-07-06,0.0000
125,2026-07-08,0.0000
125,2026-07-11,0.0000
125,2026-07-12,0.0000
125,2026-07-18,0.0000
125,2026-07-20,0.0000
125,2026-07-23,0.0000
126,2026-06-16,0.0000
126,2026-06-17,0.0000
126,2026-06-18,0.0000
126,2026-06-19,0.0000
126,2026-06-20,0.0000
126,2026-06-21,0.0000
126,2026-06-24,0.0000
126,2026-06-25,0.0000
126,2026-06-26,0.0000
126,2026-06-30,0.0000
126,2026-07-01,0.0000
126,2026-07-02,0.0000
126,2026-07-06,0.0000
126,2026-07-07,0.0000
126,2026-07-08,0.0000
126,2026-07-11,0.0000
126,2026-07-12,0.0000
126,2026-07-18,0.0000
126,2026-08-03,0.0000
126,2026-08-04,0.0000
126,2026-08-06,0.0000
127,2026-06-15,0.0000
127,2026-06-16,0.0000
127,2026-06-18,0.0000
127,2026-06-21,0.0000
127,2026-06-24,0.0000
127,2026-06-25,0.0000
127,2026-06-30,0.0000
127,2026-07-01,0.0000
127,2026-07-02,0.0000
127,2026-07-03,0.0000
127,2026-07-05,0.0000
127,2026-07-07,0.0000
127,2026-07-08,0.0000
127,2026-07-11,0.0000
127,2026-07-13,0.0000
127,2026-07-21,0.0000
127,2026-08-03,0.0000
127,2026-08-08,0.0000
127,2026-08-09,0.0000
128,2026-06-16,0.0000
128,2026-06-17,0.0000
128,2026-06-19,0.0000
128,2026-06-22,0.0000
128,2026-06-23,0.0000
128,2026-06-24,0.0000
128,2026-06-25,0.0000
128,2026-06-26,0.0000
128,2026-06-29,0.0000
128,2026-07-03,0.0000
128,2026-07-10,0.0000
128,2026-07-13,0.0000
128,2026-07-15,0.0000
128,2026-07-16,0.0000
128,2026-07-22,0.0000
128,2026-07-25,0.0000
128,2026-07-30,0.0000
128,2026-08-08,0.0000
129,2026-06-16,0.0000
129,2026-06-17,0.0000
129,2026-06-21,0.0000
129,2026-06-22,0.0000
129,2026-06-24,0.0000
129,2026-06-26,0.0000
129,2026-06-30,0.0000
129,2026-07-01,0.0000
129,2026-07-02,0.0000
129,2026-07-07,0.0000
129,2026-07-09,0.0000
129,2026-07-10,0.0000
129,2026-07-12,0.0000
129,2026-07-17,0.0000
129,2026-07-19,0.0000
129,2026-08-03,0.0000
130,2026-06-17,0.0000
130,2026-06-19,0.0000
130,2026-06-20,0.0000
130,2026-06-21,0.0000
130,2026-06-22,0.0000
130,2026-06-23,0.0000
130,2026-06-24,0.0000
130,2026-06-25,0.0000
130,2026-06-26,0.0000
130,2026-06-27,0.0000
130,2026-07-02,0.0000
130,2026-07-03,0.0000
130,2026-07-09,0.0000
130,2026-07-10,0.0000
130,2026-07-11,0.0000
130,2026-07-12,0.0000
130,2026-07-13,0.0000
130,2026-07-14,0.0000
130,2026-07-18,0.0000
130,2026-07-19,0.0000
130,2026-08-06,0.0000
131,2026-06-15,0.0000
131,2026-06-16,0.0000
131,2026-06-17,0.0000
131,2026-06-18,0.0000
131,2026-06-19,0.0000
131,2026-06-22,0.0000
131,2026-06-23,0.0000
131,2026-06-24,0.0000
131,2026-06-25,0.0000
131,2026-06-26,0.0000
131,2026-06-30,0.0000
131,2026-07-08,0.0000
131,2026-07-10,0.0000
131,2026-07-12,0.0000
131,2026-07-13,0.0000
131,2026-07-14,0.0000
131,2026-07-18,0.0000
131,2026-07-28,0.0000
132,2026-06-16,0.0000
132,2026-06-17,0.0000
132,2026-06-18,0.0000
132,2026-06-19,0.0000
132,2026-06-24,0.0000
132,2026-06-25,0.0000
132,2026-06-26,0.0000
132,2026-06-27,0.0000
132,2026-06-30,0.0000
132,2026-07-01,0.0000
132,2026-07-02,0.0000
132,2026-07-06,0.0000
132,2026-07-07,0.0000
132,2026-07-08,0.0000
132,2026-07-11,0.0000
132,2026-07-12,0.0000
132,2026-07-18,0.0000
132,2026-08-03,0.0000
132,2026-08-07,0.0000
133,2026-06-17,0.0000
133,2026-06-18,0.0000
133,2026-06-19,0.0000
133,2026-06-24,0.0000
133,2026-06-25,0.0000
133,2026-06-26,0.0000
133,2026-06-30,0.0000
133,2026-07-01,0.0000
133,2026-07-02,0.0000
133,2026-07-03,0.0000
133,2026-07-05,0.0000
133,2026-07-06,0.0000
133,2026-07-07,0.0000
133,2026-07-08,46.0000
133,2026-07-11,0.0000
133,2026-07-12,0.0000
133,2026-07-29,0.0000
133,2026-08-03,0.0000
133,2026-08-08,0.0000
134,2026-06-16,0.0000
134,2026-06-17,0.0000
134,2026-06-18,0.0000
134,2026-06-19,0.0000
134,2026-06-20,0.0000
134,2026-06-22,0.0000
134,2026-06-23,0.0000
134,2026-06-24,0.0000
134,2026-06-25,0.0000
134,2026-06-26,0.0000
134,2026-06-29,0.0000
134,2026-07-02,0.0000
134,2026-07-12,0.0000
134,2026-07-18,0.0000
134,2026-07-19,0.0000
134,2026-07-20,0.0000
134,2026-07-24,0.0000
134,2026-07-30,0.0000
134,2026-08-08,0.0000
135,2026-06-18,0.0000
135,2026-06-21,0.0000
135,2026-06-22,0.0000
135,2026-06-24,0.0000
135,2026-06-25,0.0000
135,2026-06-26,0.0000
135,2026-06-30,0.0000
135,2026-07-01,0.0000
135,2026-07-02,0.0000
135,2026-07-03,0.0000
135,2026-07-07,0.0000
135,2026-07-09,0.0000
135,2026-07-10,0.0000
135,2026-07-11,0.0000
135,2026-07-12,0.0000
135,2026-07-19,0.0000
135,2026-07-20,0.0000
135,2026-07-25,0.0000
135,2026-08-03,0.0000
135,2026-08-05,0.0000
136,2026-06-15,0.0000
136,2026-06-16,0.0000
136,2026-06-19,0.0000
136,2026-06-20,0.0000
136,2026-06-22,0.0000
136,2026-06-23,0.0000
136,2026-06-24,0.0000
136,2026-06-25,0.0000
136,2026-06-26,0.0000
136,2026-06-29,0.0000
136,2026-06-30,0.0000
136,2026-07-01,0.0000
136,2026-07-02,0.0000
136,2026-07-04,0.0000
136,2026-07-08,0.0000
136,2026-07-09,0.0000
136,2026-07-10,0.0000
136,2026-07-11,0.0000
136,2026-07-12,0.0000
136,2026-07-13,0.0000
136,2026-07-18,0.0000
136,2026-07-19,0.0000
136,2026-07-20,0.0000
136,2026-07-21,0.0000
136,2026-07-28,0.0000
136,2026-08-03,0.0000
136,2026-08-07,0.0000
136,2026-08-08,0.0000
137,2026-06-15,0.0000
137,2026-06-16,0.0000
137,2026-06-22,0.0000
137,2026-06-26,0.0000
137,2026-06-28,0.0000
137,2026-07-11,0.0000
137,2026-07-14,0.0000
137,2026-07-18,0.0000
137,2026-08-04,0.0000
138,2026-06-21,0.0000
138,2026-07-11,0.0000
138,2026-07-14,0.0000
138,2026-07-18,0.0000
138,2026-07-21,0.0000
139,2026-06-15,0.0000
139,2026-06-16,0.0000
139,2026-06-17,0.0000
139,2026-06-18,0.0000
139,2026-06-19,0.0000
139,2026-06-20,0.0000
139,2026-06-21,0.0000
139,2026-06-22,0.0000
139,2026-06-23,0.0000
139,2026-06-24,0.0000
139,2026-06-25,0.0000
139,2026-06-26,0.0000
139,2026-06-28,0.0000
139,2026-06-29,0.0000
139,2026-07-03,0.0000
139,2026-07-07,0.0000
139,2026-07-10,0.0000
139,2026-07-11,0.0000
139,2026-07-12,0.0000
139,2026-07-13,0.0000
139,2026-07-18,0.0000
139,2026-07-21,0.0000
139,2026-07-22,0.0000
139,2026-08-01,0.0000
139,2026-08-08,0.0000
140,2026-06-16,0.0000
140,2026-06-17,0.0000
140,2026-06-18,0.0000
140,2026-06-19,0.0000
140,2026-06-20,0.0000
140,2026-06-22,0.0000
140,2026-06-23,0.0000
140,2026-06-24,0.0000
140,2026-06-26,0.0000
140,2026-07-04,0.0000
140,2026-07-28,0.0000
141,2026-06-16,0.0000
141,2026-06-19,0.0000
141,2026-06-22,0.0000
141,2026-06-24,0.0000
141,2026-06-25,0.0000
141,2026-06-26,0.0000
141,2026-06-27,0.0000
141,2026-06-30,0.0000
141,2026-07-01,0.0000
141,2026-07-02,0.0000
141,2026-07-04,0.0000
141,2026-07-05,0.0000
141,2026-07-07,0.0000
141,2026-07-08,0.0000
141,2026-07-09,0.0000
141,2026-07-10,0.0000
141,2026-07-11,0.0000
141,2026-07-13,0.0000
141,2026-07-18,0.0000
141,2026-07-19,0.0000
141,2026-07-22,0.0000
141,2026-08-02,0.0000
141,2026-08-03,0.0000
141,2026-08-04,0.0000
141,2026-08-05,0.0000
142,2026-06-16,0.0000
142,2026-06-17,0.0000
142,2026-06-21,0.0000
142,2026-06-22,0.0000
142,2026-06-24,0.0000
142,2026-06-25,0.0000
142,2026-06-26,0.0000
142,2026-06-28,0.0000
142,2026-06-30,0.0000
142,2026-07-01,0.0000
142,2026-07-02,0.0000
142,2026-07-07,0.0000
142,2026-07-08,0.0000
142,2026-07-09,0.0000
142,2026-07-10,0.0000
142,2026-07-11,0.0000
142,2026-07-12,0.0000
142,2026-07-17,0.0000
142,2026-07-18,0.0000
142,2026-07-19,0.0000
142,2026-07-20,0.0000
142,2026-07-26,0.0000
142,2026-08-03,0.0000
142,2026-08-06,0.0000
143,2026-06-22,0.0000
143,2026-07-11,0.0000
143,2026-07-14,0.0000
143,2026-07-18,0.0000
143,2026-07-21,0.0000
143,2026-07-26,0.0000
143,2026-08-10,0.0000
144,2026-06-17,0.0000
144,2026-06-19,0.0000
144,2026-06-20,0.0000
144,2026-06-21,0.0000
144,2026-06-22,0.0000
144,2026-06-23,66.0000
144,2026-06-24,0.0000
144,2026-06-26,0.0000
144,2026-06-28,0.0000
144,2026-06-30,0.0000
144,2026-07-04,0.0000
144,2026-07-11,0.0000
144,2026-07-14,0.0000
144,2026-07-15,0.0000
145,2026-06-15,0.0000
145,2026-06-17,0.0000
145,2026-06-18,0.0000
145,2026-06-19,0.0000
145,2026-06-23,0.0000
145,2026-06-24,0.0000
145,2026-06-25,0.0000
145,2026-06-26,0.0000
145,2026-06-30,0.0000
145,2026-07-01,0.0000
145,2026-07-04,0.0000
145,2026-07-07,0.0000
145,2026-07-08,0.0000
145,2026-07-09,0.0000
145,2026-07-10,0.0000
145,2026-07-11,0.0000
145,2026-07-12,0.0000
145,2026-07-13,0.0000
145,2026-07-15,0.0000
145,2026-07-16,0.0000
145,2026-07-18,0.0000
145,2026-07-19,0.0000
145,2026-08-02,0.0000
145,2026-08-03,0.0000
145,2026-08-04,0.0000
145,2026-08-10,0.0000
164,2026-06-15,0.0000
164,2026-06-16,0.0000
164,2026-06-17,0.0000
164,2026-06-19,0.0000
164,2026-06-20,0.0000
164,2026-06-21,0.0000
164,2026-06-22,0.0000
164,2026-06-23,0.0000
164,2026-06-24,0.0000
164,2026-06-25,0.0000
164,2026-06-26,0.0000
164,2026-06-30,0.0000
164,2026-07-01,0.0000
164,2026-07-08,0.0000
164,2026-07-11,0.0000
164,2026-07-12,0.0000
164,2026-07-13,0.0000
164,2026-07-14,0.0000
164,2026-07-15,0.0000
164,2026-07-18,0.0000
164,2026-07-19,0.0000
164,2026-07-20,0.0000
164,2026-08-07,0.0000
164,2026-08-10,0.0000
164,2026-08-11,0.0000
165,2026-06-15,0.0000
165,2026-06-16,0.0000
165,2026-06-17,0.0000
165,2026-06-18,0.0000
165,2026-06-19,0.0000
165,2026-06-20,0.0000
165,2026-06-21,0.0000
165,2026-06-22,0.0000
165,2026-06-23,0.0000
165,2026-06-24,75.0000
165,2026-06-25,0.0000
165,2026-06-28,0.0000
165,2026-07-01,0.0000
165,2026-07-04,0.0000
165,2026-07-09,0.0000
165,2026-07-14,0.0000
165,2026-07-15,0.0000
165,2026-07-18,0.0000
165,2026-07-20,0.0000
165,2026-07-31,0.0000
166,2026-06-15,0.0000
166,2026-06-16,0.0000
166,2026-06-17,0.0000
166,2026-06-18,33.0000
166,2026-06-20,0.0000
166,2026-06-21,0.0000
166,2026-06-22,0.0000
166,2026-06-23,0.0000
166,2026-06-24,0.0000
166,2026-06-25,0.0000
166,2026-06-26,0.0000
166,2026-07-01,0.0000
166,2026-07-03,0.0000
166,2026-07-11,0.0000
166,2026-07-12,0.0000
166,2026-07-13,0.0000
166,2026-07-18,0.0000
167,2026-06-15,0.0000
167,2026-06-16,0.0000
167,2026-06-17,0.0000
167,2026-06-19,0.0000
167,2026-06-20,0.0000
167,2026-06-23,0.0000
167,2026-06-25,0.0000
167,2026-06-26,0.0000
167,2026-06-29,0.0000
167,2026-07-01,0.0000
167,2026-07-03,0.0000
167,2026-07-05,0.0000
167,2026-07-07,0.0000
167,2026-07-08,0.0000
167,2026-07-10,0.0000
167,2026-07-11,0.0000
167,2026-07-15,0.0000
167,2026-07-16,0.0000
167,2026-07-17,0.0000
167,2026-07-19,0.0000
167,2026-07-20,0.0000
167,2026-07-25,0.0000
167,2026-07-28,0.0000
167,2026-07-29,0.0000
167,2026-07-31,0.0000
167,2026-08-03,46.0000
167,2026-08-04,0.0000
167,2026-08-07,0.0000
168,2026-06-16,0.0000
168,2026-06-17,0.0000
168,2026-06-18,0.0000
168,2026-06-19,0.0000
168,2026-06-20,0.0000
168,2026-06-21,0.0000
168,2026-06-22,0.0000
168,2026-06-23,0.0000
168,2026-06-24,0.0000
168,2026-06-25,0.0000
168,2026-06-26,0.0000
168,2026-06-27,0.0000
168,2026-06-30,0.0000
168,2026-07-01,0.0000
168,2026-07-02,0.0000
168,2026-07-04,0.0000
168,2026-07-05,0.0000
168,2026-07-07,0.0000
168,2026-07-08,0.0000
168,2026-07-09,0.0000
168,2026-07-10,0.0000
168,2026-07-11,0.0000
168,2026-07-18,0.0000
168,2026-07-30,0.0000
168,2026-08-03,0.0000
168,2026-08-04,0.0000
168,2026-08-10,0.0000
169,2026-06-15,0.0000
169,2026-06-16,0.0000
169,2026-06-17,0.0000
169,2026-06-18,0.0000
169,2026-06-19,0.0000
169,2026-06-20,0.0000
169,2026-06-22,0.0000
169,2026-06-23,0.0000
169,2026-06-24,0.0000
169,2026-06-25,0.0000
169,2026-07-04,0.0000
169,2026-07-05,0.0000
169,2026-07-13,0.0000
169,2026-07-14,0.0000
169,2026-07-15,0.0000
169,2026-07-18,0.0000
169,2026-07-31,0.0000
170,2026-06-15,0.0000
170,2026-06-16,0.0000
170,2026-06-17,0.0000
170,2026-06-18,0.0000
170,2026-06-19,0.0000
170,2026-06-20,0.0000
170,2026-06-21,0.0000
170,2026-06-22,0.0000
170,2026-06-24,0.0000
170,2026-06-25,0.0000
170,2026-06-26,0.0000
170,2026-07-01,0.0000
170,2026-07-03,0.0000
170,2026-07-04,0.0000
170,2026-07-07,0.0000
170,2026-07-11,0.0000
170,2026-07-12,0.0000
170,2026-07-13,0.0000
170,2026-07-15,0.0000
170,2026-07-18,0.0000
170,2026-08-08,0.0000
171,2026-06-21,0.0000
172,2026-06-15,0.0000
172,2026-06-16,0.0000
172,2026-06-17,0.0000
172,2026-06-18,0.0000
172,2026-06-19,0.0000
172,2026-06-20,0.0000
172,2026-06-21,0.0000
172,2026-06-22,0.0000
172,2026-07-01,0.0000
172,2026-07-03,0.0000
172,2026-07-14,0.0000
172,2026-08-10,0.0000
173,2026-06-15,0.0000
173,2026-06-16,0.0000
173,2026-06-17,0.0000
173,2026-06-18,0.0000
173,2026-06-19,0.0000
173,2026-06-20,0.0000
173,2026-06-21,0.0000
173,2026-06-22,0.0000
173,2026-06-24,0.0000
173,2026-06-25,0.0000
173,2026-06-27,0.0000
173,2026-06-30,0.0000
173,2026-07-01,0.0000
173,2026-07-02,0.0000
173,2026-07-03,0.0000
173,2026-07-04,0.0000
173,2026-07-24,0.0000
173,2026-07-25,0.0000
173,2026-07-26,0.0000
174,2026-06-15,0.0000
174,2026-06-16,0.0000
174,2026-06-17,0.0000
174,2026-06-22,0.0000
174,2026-06-24,0.0000
174,2026-06-26,0.0000
174,2026-06-30,0.0000
174,2026-07-01,0.0000
174,2026-07-07,0.0000
174,2026-07-08,0.0000
174,2026-07-10,0.0000
175,2026-06-15,0.0000
175,2026-06-16,30.0000
175,2026-06-17,0.0000
175,2026-06-18,0.0000
175,2026-06-19,0.0000
175,2026-06-20,0.0000
175,2026-06-21,0.0000
175,2026-06-23,0.0000
175,2026-06-24,0.0000
175,2026-06-25,0.0000
175,2026-06-29,0.0000
175,2026-07-04,0.0000
175,2026-07-05,0.0000
175,2026-07-07,0.0000
175,2026-07-09,0.0000
175,2026-07-12,0.0000
175,2026-07-13,0.0000
175,2026-07-14,0.0000
175,2026-07-15,0.0000
175,2026-07-18,0.0000
175,2026-07-27,0.0000
175,2026-08-10,0.0000
176,2026-06-15,0.0000
176,2026-06-16,0.0000
176,2026-06-17,0.0000
176,2026-06-18,0.0000
176,2026-06-20,0.0000
176,2026-06-21,0.0000
176,2026-06-22,0.0000
176,2026-06-23,0.0000
176,2026-06-24,0.0000
176,2026-06-26,0.0000
176,2026-06-27,0.0000
176,2026-07-12,0.0000
176,2026-07-14,0.0000
176,2026-08-08,0.0000
177,2026-06-15,0.0000
177,2026-06-16,0.0000
177,2026-06-17,0.0000
177,2026-06-18,0.0000
177,2026-06-19,0.0000
177,2026-06-21,0.0000
177,2026-06-23,0.0000
177,2026-07-01,0.0000
177,2026-07-05,0.0000
177,2026-07-06,0.0000
177,2026-07-08,0.0000
177,2026-07-11,0.0000
177,2026-07-17,0.0000
177,2026-08-10,0.0000
178,2026-06-15,12.0000
178,2026-06-16,0.0000
178,2026-06-17,66.0000
178,2026-06-18,0.0000
178,2026-06-19,0.0000
178,2026-06-20,0.0000
178,2026-06-23,0.0000
178,2026-06-25,0.0000
178,2026-06-26,0.0000
178,2026-06-27,0.0000
178,2026-06-29,0.0000
178,2026-07-02,0.0000
178,2026-07-04,0.0000
178,2026-07-14,0.0000
178,2026-07-23,0.0000
178,2026-07-24,0.0000
178,2026-07-30,0.0000
179,2026-06-15,46.0000
179,2026-06-16,15.3333
179,2026-06-17,0.0000
179,2026-06-18,0.0000
179,2026-06-19,0.0000
179,2026-06-20,0.0000
179,2026-06-21,0.0000
179,2026-06-22,0.0000
179,2026-06-23,0.0000
179,2026-06-24,0.0000
179,2026-06-27,0.0000
179,2026-06-30,0.0000
179,2026-07-01,0.0000
179,2026-07-03,0.0000
250,2026-06-16,0.0000
250,2026-06-17,0.0000
250,2026-06-18,0.0000
250,2026-06-19,0.0000
250,2026-06-20,0.0000
250,2026-06-22,0.0000
250,2026-06-29,0.0000
250,2026-07-24,0.0000
282,2026-06-18,0.0000
282,2026-06-19,0.0000
282,2026-06-20,0.0000
282,2026-06-21,0.0000
282,2026-06-22,0.0000
282,2026-06-23,0.0000
282,2026-06-24,0.0000
282,2026-06-30,0.0000
282,2026-07-01,0.0000
282,2026-07-02,0.0000
282,2026-07-03,0.0000
282,2026-07-18,0.0000
283,2026-06-17,13.2000
283,2026-06-18,0.0000
283,2026-06-19,0.0000
283,2026-06-20,0.0000
283,2026-06-24,0.0000
283,2026-06-25,0.0000
283,2026-06-28,0.0000
283,2026-06-30,0.0000
283,2026-07-01,0.0000
283,2026-07-02,0.0000
283,2026-07-03,0.0000
283,2026-07-04,0.0000
284,2026-06-17,0.0000
284,2026-06-18,0.0000
284,2026-06-19,0.0000
284,2026-06-23,0.0000
284,2026-06-24,0.0000
284,2026-06-30,0.0000
284,2026-07-01,0.0000
284,2026-07-05,0.0000
284,2026-07-07,0.0000
284,2026-07-08,0.0000
284,2026-07-10,0.0000
284,2026-07-11,0.0000
284,2026-07-12,0.0000
284,2026-07-17,0.0000
284,2026-07-20,0.0000
284,2026-08-02,0.0000
285,2026-06-18,0.0000
285,2026-06-19,0.0000
285,2026-06-20,0.0000
285,2026-06-21,0.0000
285,2026-06-22,0.0000
285,2026-06-23,0.0000
285,2026-06-24,0.0000
285,2026-06-25,0.0000
285,2026-06-28,0.0000
285,2026-06-29,0.0000
285,2026-07-04,0.0000
285,2026-07-05,0.0000
285,2026-07-12,0.0000
285,2026-07-13,0.0000
285,2026-07-14,0.0000
285,2026-07-15,0.0000
285,2026-07-29,0.0000
285,2026-07-31,0.0000
514,2026-06-19,9.4286
514,2026-06-20,0.0000
514,2026-06-21,0.0000
514,2026-06-22,66.0000
514,2026-06-23,0.0000
514,2026-06-24,0.0000
514,2026-06-25,0.0000
514,2026-06-27,0.0000
514,2026-06-28,75.0000
514,2026-06-30,0.0000
514,2026-07-01,0.0000
514,2026-07-03,0.0000
514,2026-07-04,0.0000
514,2026-07-05,0.0000
514,2026-07-16,0.0000
514,2026-07-29,0.0000
514,2026-07-30,0.0000
515,2026-06-18,0.0000
515,2026-07-06,0.0000
517,2026-06-19,0.0000
517,2026-06-20,0.0000
517,2026-06-21,0.0000
517,2026-06-22,0.0000
517,2026-06-24,0.0000
517,2026-06-28,0.0000
517,2026-07-04,0.0000
517,2026-07-12,0.0000
517,2026-07-13,0.0000
517,2026-07-14,0.0000
517,2026-07-15,0.0000
520,2026-06-19,0.0000
520,2026-06-20,0.0000
520,2026-06-21,0.0000
520,2026-06-22,0.0000
520,2026-06-24,0.0000
520,2026-06-25,0.0000
520,2026-06-26,0.0000
520,2026-06-27,0.0000
520,2026-06-30,0.0000
520,2026-07-01,0.0000
520,2026-07-02,0.0000
520,2026-07-03,0.0000
520,2026-07-04,0.0000
520,2026-07-18,0.0000
521,2026-06-18,0.0000
521,2026-06-24,0.0000
526,2026-06-18,18.8571
526,2026-06-19,0.0000
526,2026-06-20,0.0000
526,2026-06-21,0.0000
526,2026-06-22,0.0000
526,2026-06-23,0.0000
526,2026-06-24,0.0000
526,2026-06-25,0.0000
526,2026-07-10,0.0000
526,2026-07-12,0.0000
527,2026-06-19,0.0000
527,2026-06-20,0.0000
527,2026-06-22,0.0000
527,2026-06-23,0.0000
527,2026-06-24,0.0000
527,2026-06-30,0.0000
527,2026-07-01,0.0000
527,2026-07-02,0.0000
527,2026-07-04,0.0000
527,2026-07-05,0.0000
527,2026-07-07,0.0000
527,2026-07-08,0.0000
527,2026-07-09,0.0000
527,2026-07-10,0.0000
527,2026-07-11,0.0000
527,2026-07-18,0.0000
527,2026-07-21,0.0000
527,2026-07-22,0.0000
527,2026-07-30,0.0000
527,2026-08-02,0.0000
528,2026-06-18,0.0000
528,2026-06-19,0.0000
528,2026-06-20,0.0000
528,2026-07-16,0.0000
528,2026-07-17,0.0000
528,2026-07-18,0.0000
530,2026-06-18,0.0000
530,2026-06-19,0.0000
530,2026-06-20,0.0000
530,2026-06-21,0.0000
530,2026-06-29,0.0000
530,2026-06-30,0.0000
530,2026-07-02,0.0000
530,2026-07-21,0.0000
530,2026-07-24,0.0000
531,2026-06-19,0.0000
531,2026-06-20,0.0000
531,2026-06-21,0.0000
531,2026-06-22,0.0000
531,2026-06-23,0.0000
531,2026-06-25,0.0000
531,2026-06-26,0.0000
531,2026-06-27,0.0000
531,2026-06-29,0.0000
531,2026-06-30,0.0000
531,2026-07-07,0.0000
531,2026-07-08,0.0000
531,2026-07-09,0.0000
531,2026-07-10,0.0000
531,2026-07-12,0.0000
531,2026-07-14,0.0000
531,2026-07-16,0.0000
531,2026-07-20,0.0000
531,2026-07-22,0.0000
531,2026-07-23,0.0000
531,2026-07-24,0.0000
531,2026-07-30,0.0000
531,2026-08-03,0.0000
531,2026-08-10,0.0000
533,2026-06-19,0.0000
533,2026-06-20,0.0000
533,2026-06-21,0.0000
533,2026-06-22,0.0000
533,2026-06-23,0.0000
533,2026-06-24,0.0000
533,2026-06-29,0.0000
533,2026-07-03,0.0000
533,2026-07-05,0.0000
533,2026-07-22,0.0000
533,2026-07-26,75.0000
534,2026-06-19,0.0000
534,2026-06-20,16.5000
534,2026-06-21,0.0000
534,2026-06-22,22.0000
534,2026-06-23,0.0000
534,2026-06-25,0.0000
534,2026-06-29,0.0000
534,2026-06-30,0.0000
534,2026-07-01,0.0000
534,2026-07-06,0.0000
534,2026-07-09,0.0000
534,2026-07-13,0.0000
534,2026-07-14,0.0000
534,2026-07-17,0.0000
534,2026-07-21,0.0000
534,2026-07-22,0.0000
534,2026-07-27,0.0000
534,2026-07-28,0.0000
534,2026-07-30,0.0000
535,2026-06-19,0.0000
535,2026-06-20,0.0000
535,2026-06-21,0.0000
535,2026-06-22,0.0000
535,2026-06-24,0.0000
535,2026-06-27,0.0000
535,2026-06-29,0.0000
535,2026-07-03,0.0000
535,2026-07-05,0.0000
535,2026-07-11,0.0000
535,2026-07-12,0.0000
535,2026-07-16,0.0000
535,2026-07-18,0.0000
535,2026-07-21,0.0000
536,2026-06-20,0.0000
536,2026-06-21,0.0000
536,2026-06-22,0.0000
536,2026-06-23,0.0000
536,2026-06-24,0.0000
536,2026-06-27,0.0000
536,2026-07-02,0.0000
536,2026-07-07,0.0000
536,2026-07-12,0.0000
537,2026-06-19,0.0000
537,2026-06-20,0.0000
537,2026-06-23,0.0000
538,2026-06-19,0.0000
538,2026-06-20,0.0000
538,2026-06-21,0.0000
539,2026-06-20,66.0000
539,2026-06-21,0.0000
539,2026-06-22,0.0000
539,2026-06-24,0.0000
539,2026-06-29,0.0000
539,2026-06-30,0.0000
539,2026-07-16,0.0000
539,2026-07-21,0.0000
539,2026-07-25,0.0000
540,2026-06-19,0.0000
540,2026-06-20,0.0000
542,2026-06-20,9.2000
542,2026-06-21,0.0000
542,2026-06-22,0.0000
542,2026-06-23,0.0000
542,2026-06-24,0.0000
542,2026-06-25,0.0000
542,2026-06-27,0.0000
542,2026-06-30,0.0000
542,2026-07-09,0.0000
542,2026-07-10,0.0000
542,2026-07-11,0.0000
542,2026-07-12,0.0000
542,2026-07-19,0.0000
542,2026-07-20,0.0000
542,2026-07-21,0.0000
542,2026-07-22,0.0000
542,2026-07-23,0.0000
542,2026-07-24,0.0000
542,2026-07-30,0.0000
542,2026-08-01,0.0000
542,2026-08-06,0.0000
542,2026-08-08,0.0000
542,2026-08-10,0.0000
543,2026-06-20,10.6154
543,2026-06-21,0.0000
543,2026-06-22,0.0000
543,2026-06-23,0.0000
543,2026-06-24,0.0000
543,2026-06-25,0.0000
543,2026-06-26,0.0000
543,2026-06-27,0.0000
543,2026-07-07,0.0000
543,2026-07-08,0.0000
543,2026-07-09,0.0000
543,2026-07-10,0.0000
543,2026-07-11,0.0000
543,2026-07-12,0.0000
543,2026-07-15,0.0000
543,2026-07-17,0.0000
543,2026-07-25,0.0000
543,2026-08-09,0.0000
544,2026-06-22,14.6667
544,2026-06-23,0.0000
544,2026-06-24,0.0000
544,2026-06-26,0.0000
544,2026-06-29,0.0000
544,2026-07-04,0.0000
544,2026-07-06,0.0000
544,2026-07-09,0.0000
544,2026-07-18,0.0000
544,2026-07-20,0.0000
544,2026-07-21,0.0000
544,2026-07-22,0.0000
544,2026-07-23,0.0000
544,2026-07-29,0.0000
544,2026-08-10,0.0000
544,2026-08-11,0.0000
545,2026-06-22,0.0000
545,2026-06-23,0.0000
545,2026-06-24,0.0000
545,2026-06-25,0.0000
545,2026-06-27,0.0000
545,2026-06-28,0.0000
545,2026-06-29,0.0000
545,2026-06-30,0.0000
545,2026-07-07,0.0000
545,2026-07-08,0.0000
545,2026-07-09,0.0000
545,2026-07-12,0.0000
545,2026-07-19,0.0000
545,2026-07-20,0.0000
545,2026-07-21,0.0000
545,2026-07-22,0.0000
545,2026-07-24,0.0000
545,2026-07-25,0.0000
545,2026-07-30,0.0000
545,2026-07-31,0.0000
546,2026-06-22,0.0000
546,2026-06-23,0.0000
546,2026-06-24,0.0000
546,2026-07-10,0.0000
546,2026-08-08,0.0000
546,2026-08-10,0.0000
547,2026-06-22,0.0000
547,2026-06-23,0.0000
548,2026-06-22,5.0769
548,2026-06-23,0.0000
548,2026-06-24,0.0000
548,2026-06-26,0.0000
548,2026-06-29,0.0000
548,2026-06-30,0.0000
548,2026-07-01,0.0000
548,2026-07-02,75.0000
548,2026-07-03,0.0000
548,2026-07-04,0.0000
548,2026-07-07,0.0000
548,2026-07-09,0.0000
548,2026-07-10,0.0000
548,2026-07-11,0.0000
548,2026-07-12,0.0000
548,2026-07-17,0.0000
548,2026-07-18,0.0000
548,2026-07-20,0.0000
548,2026-07-21,0.0000
548,2026-07-22,0.0000
548,2026-07-23,0.0000
548,2026-07-26,0.0000
548,2026-07-27,0.0000
548,2026-08-06,0.0000
548,2026-08-08,0.0000
549,2026-06-22,10.8235
549,2026-06-23,0.0000
549,2026-06-24,0.0000
549,2026-06-25,0.0000
549,2026-06-26,0.0000
549,2026-06-28,0.0000
549,2026-06-29,0.0000
549,2026-06-30,0.0000
549,2026-07-02,0.0000
549,2026-07-07,46.0000
549,2026-07-08,0.0000
549,2026-07-09,0.0000
549,2026-07-10,0.0000
549,2026-07-11,0.0000
549,2026-07-12,0.0000
549,2026-07-16,0.0000
549,2026-07-23,0.0000
549,2026-07-29,0.0000
549,2026-08-09,0.0000
550,2026-06-22,6.2857
550,2026-06-23,75.0000
550,2026-06-24,0.0000
550,2026-06-25,0.0000
550,2026-06-27,0.0000
550,2026-06-28,0.0000
550,2026-06-29,0.0000
550,2026-06-30,0.0000
550,2026-07-01,0.0000
550,2026-07-06,0.0000
550,2026-07-09,0.0000
550,2026-07-10,0.0000
550,2026-07-11,0.0000
550,2026-07-18,0.0000
550,2026-07-19,0.0000
550,2026-07-20,0.0000
556,2026-06-23,12.5000
556,2026-06-24,0.0000
556,2026-06-25,0.0000
556,2026-06-26,0.0000
556,2026-06-27,0.0000
556,2026-07-04,0.0000
556,2026-07-05,0.0000
556,2026-07-09,0.0000
556,2026-07-12,0.0000
556,2026-07-22,0.0000
556,2026-07-23,0.0000
556,2026-07-24,0.0000
556,2026-07-29,0.0000
557,2026-06-22,0.0000
557,2026-06-23,0.0000
557,2026-06-24,0.0000
557,2026-06-26,0.0000
557,2026-07-02,0.0000
557,2026-07-15,0.0000
558,2026-06-22,0.0000
559,2026-06-23,5.7692
559,2026-06-24,0.0000
559,2026-06-25,0.0000
559,2026-06-26,0.0000
559,2026-06-27,25.0000
559,2026-06-28,0.0000
559,2026-06-29,0.0000
559,2026-06-30,0.0000
559,2026-07-01,0.0000
559,2026-07-02,0.0000
559,2026-07-03,0.0000
559,2026-07-04,0.0000
559,2026-07-05,0.0000
559,2026-07-06,0.0000
559,2026-07-07,0.0000
559,2026-07-08,0.0000
559,2026-07-09,0.0000
559,2026-07-10,0.0000
559,2026-07-11,0.0000
559,2026-07-12,0.0000
559,2026-07-13,0.0000
559,2026-07-14,0.0000
559,2026-07-17,0.0000
559,2026-07-18,0.0000
559,2026-07-21,0.0000
559,2026-07-22,0.0000
559,2026-07-23,0.0000
559,2026-08-06,0.0000
560,2026-06-22,0.0000
560,2026-06-23,0.0000
560,2026-06-24,0.0000
560,2026-06-26,0.0000
560,2026-06-27,0.0000
560,2026-07-01,0.0000
560,2026-07-13,0.0000
560,2026-07-17,0.0000
560,2026-07-22,0.0000
560,2026-07-27,0.0000
560,2026-08-02,0.0000
560,2026-08-09,0.0000
561,2026-06-22,0.0000
561,2026-06-23,0.0000
561,2026-06-24,0.0000
561,2026-06-25,0.0000
561,2026-06-27,0.0000
561,2026-06-28,0.0000
561,2026-07-07,0.0000
562,2026-06-23,0.0000
562,2026-06-24,0.0000
562,2026-06-25,0.0000
562,2026-06-26,0.0000
562,2026-06-27,0.0000
562,2026-06-28,0.0000
562,2026-06-29,0.0000
562,2026-06-30,0.0000
562,2026-07-04,0.0000
562,2026-07-06,0.0000
562,2026-07-07,46.0000
562,2026-07-08,0.0000
562,2026-07-09,0.0000
562,2026-07-10,0.0000
562,2026-07-11,0.0000
562,2026-07-12,0.0000
562,2026-07-26,0.0000
562,2026-08-10,0.0000
563,2026-06-22,0.0000
563,2026-06-23,0.0000
563,2026-06-25,0.0000
563,2026-07-08,0.0000
563,2026-07-09,0.0000
563,2026-07-10,0.0000
563,2026-07-14,0.0000
563,2026-07-21,0.0000
563,2026-08-02,0.0000
563,2026-08-08,0.0000
563,2026-08-09,0.0000
564,2026-06-22,0.0000
564,2026-06-24,0.0000
564,2026-06-25,0.0000
564,2026-06-26,0.0000
565,2026-06-23,0.0000
565,2026-06-24,0.0000
565,2026-06-25,0.0000
565,2026-06-26,0.0000
565,2026-06-27,0.0000
565,2026-06-28,0.0000
565,2026-06-29,0.0000
565,2026-07-05,0.0000
565,2026-07-06,0.0000
565,2026-07-10,0.0000
565,2026-07-18,0.0000
565,2026-07-19,0.0000
565,2026-07-20,0.0000
565,2026-08-04,0.0000
566,2026-06-23,15.0000
566,2026-06-24,0.0000
566,2026-06-25,75.0000
566,2026-06-26,0.0000
566,2026-06-27,0.0000
566,2026-06-28,0.0000
566,2026-06-29,0.0000
566,2026-06-30,75.0000
566,2026-07-02,0.0000
566,2026-07-03,0.0000
566,2026-07-05,0.0000
566,2026-07-08,0.0000
566,2026-07-09,0.0000
566,2026-07-10,0.0000
566,2026-07-11,0.0000
566,2026-07-12,0.0000
566,2026-07-19,0.0000
566,2026-07-20,0.0000
566,2026-07-21,0.0000
566,2026-08-02,0.0000
568,2026-06-23,9.3750
568,2026-06-24,0.0000
568,2026-06-25,0.0000
568,2026-06-26,0.0000
568,2026-06-28,0.0000
568,2026-06-29,0.0000
568,2026-06-30,0.0000
568,2026-07-01,0.0000
568,2026-07-02,0.0000
568,2026-07-06,0.0000
568,2026-07-07,0.0000
568,2026-07-08,0.0000
568,2026-07-09,0.0000
568,2026-07-10,0.0000
568,2026-07-13,0.0000
568,2026-07-17,0.0000
568,2026-07-18,0.0000
568,2026-07-19,0.0000
568,2026-07-20,0.0000
568,2026-07-25,0.0000
569,2026-06-23,37.5000
569,2026-06-24,0.0000
569,2026-06-25,0.0000
569,2026-06-26,0.0000
569,2026-06-27,0.0000
569,2026-06-29,0.0000
569,2026-06-30,0.0000
569,2026-07-02,0.0000
569,2026-07-06,0.0000
569,2026-07-10,0.0000
569,2026-07-18,0.0000
569,2026-07-20,0.0000
570,2026-06-23,0.0000
570,2026-06-24,0.0000
570,2026-06-26,0.0000
570,2026-06-27,0.0000
570,2026-06-29,0.0000
570,2026-07-03,0.0000
570,2026-07-08,0.0000
570,2026-07-10,0.0000
586,2026-06-24,11.5385
586,2026-06-25,0.0000
586,2026-06-26,0.0000
586,2026-06-27,0.0000
586,2026-06-28,0.0000
586,2026-07-02,0.0000
586,2026-07-09,0.0000
586,2026-07-10,0.0000
586,2026-07-11,0.0000
586,2026-07-12,0.0000
586,2026-07-19,0.0000
586,2026-08-02,0.0000
586,2026-08-04,0.0000
587,2026-06-24,18.7500
587,2026-06-25,0.0000
587,2026-06-26,0.0000
587,2026-06-28,0.0000
587,2026-06-29,0.0000
587,2026-06-30,0.0000
587,2026-07-01,0.0000
587,2026-07-02,0.0000
587,2026-07-04,0.0000
587,2026-07-09,0.0000
587,2026-07-10,0.0000
587,2026-07-11,0.0000
587,2026-07-12,0.0000
587,2026-07-17,0.0000
587,2026-07-18,0.0000
587,2026-07-19,0.0000
587,2026-07-20,0.0000
587,2026-07-22,0.0000
587,2026-08-01,0.0000
588,2026-06-24,150.0000
588,2026-06-25,0.0000
588,2026-06-26,0.0000
588,2026-06-27,0.0000
588,2026-06-28,0.0000
588,2026-06-29,0.0000
588,2026-06-30,0.0000
588,2026-07-03,0.0000
588,2026-07-07,0.0000
588,2026-07-09,0.0000
588,2026-07-10,0.0000
588,2026-07-11,0.0000
588,2026-07-12,0.0000
588,2026-07-17,0.0000
588,2026-07-18,0.0000
588,2026-07-20,0.0000
588,2026-07-21,0.0000
588,2026-07-26,0.0000
588,2026-08-03,0.0000
589,2026-06-24,3.9474
589,2026-06-25,75.0000
589,2026-06-26,0.0000
589,2026-06-27,0.0000
589,2026-06-28,0.0000
589,2026-06-30,0.0000
589,2026-07-01,0.0000
589,2026-07-04,0.0000
589,2026-07-05,0.0000
589,2026-07-09,0.0000
589,2026-07-10,0.0000
589,2026-07-11,0.0000
589,2026-07-12,0.0000
589,2026-07-14,0.0000
589,2026-07-17,0.0000
589,2026-07-18,0.0000
589,2026-07-19,0.0000
589,2026-07-20,0.0000
589,2026-08-01,0.0000
589,2026-08-04,0.0000
589,2026-08-06,0.0000
589,2026-08-10,0.0000
590,2026-06-24,18.7500
590,2026-06-25,0.0000
590,2026-06-26,0.0000
590,2026-06-27,0.0000
590,2026-06-28,0.0000
590,2026-06-30,0.0000
590,2026-07-02,0.0000
590,2026-07-05,0.0000
590,2026-07-09,0.0000
590,2026-07-10,0.0000
590,2026-07-11,0.0000
590,2026-07-12,0.0000
590,2026-07-13,0.0000
590,2026-07-18,0.0000
590,2026-07-19,0.0000
590,2026-07-26,0.0000
590,2026-08-03,0.0000
590,2026-08-04,0.0000
591,2026-06-24,9.3750
591,2026-06-25,0.0000
591,2026-06-26,0.0000
591,2026-06-27,0.0000
591,2026-06-28,0.0000
591,2026-06-29,0.0000
591,2026-07-01,0.0000
591,2026-07-02,0.0000
591,2026-07-03,0.0000
591,2026-07-04,0.0000
591,2026-07-05,0.0000
591,2026-07-06,0.0000
591,2026-07-12,0.0000
591,2026-07-19,0.0000
591,2026-07-20,0.0000
591,2026-07-21,0.0000
591,2026-07-29,0.0000
591,2026-08-01,0.0000
591,2026-08-06,0.0000
591,2026-08-08,0.0000
597,2026-06-25,0.0000
597,2026-06-26,0.0000
597,2026-06-27,0.0000
597,2026-06-28,0.0000
597,2026-06-29,0.0000
597,2026-06-30,0.0000
597,2026-07-02,0.0000
597,2026-07-03,0.0000
597,2026-07-04,0.0000
597,2026-07-07,0.0000
597,2026-07-08,0.0000
597,2026-07-09,0.0000
597,2026-07-10,0.0000
597,2026-07-11,0.0000
597,2026-07-12,0.0000
597,2026-07-21,0.0000
597,2026-08-02,0.0000
598,2026-06-24,0.0000
598,2026-06-25,0.0000
598,2026-06-27,0.0000
599,2026-06-24,0.0000
599,2026-07-12,0.0000
599,2026-08-09,0.0000
600,2026-06-25,9.3750
600,2026-06-26,0.0000
600,2026-06-27,0.0000
600,2026-06-29,0.0000
600,2026-06-30,0.0000
600,2026-07-01,0.0000
600,2026-07-02,0.0000
600,2026-07-05,0.0000
600,2026-07-12,0.0000
600,2026-07-13,0.0000
600,2026-07-16,0.0000
600,2026-07-19,0.0000
600,2026-08-01,0.0000
600,2026-08-03,0.0000
601,2026-06-25,12.5000
601,2026-06-26,0.0000
601,2026-06-27,0.0000
601,2026-06-29,0.0000
601,2026-06-30,0.0000
601,2026-07-07,0.0000
601,2026-07-09,0.0000
601,2026-07-10,0.0000
601,2026-07-11,0.0000
601,2026-07-12,0.0000
601,2026-07-17,0.0000
601,2026-07-18,0.0000
601,2026-07-19,0.0000
601,2026-07-20,0.0000
601,2026-07-21,0.0000
601,2026-08-04,0.0000
602,2026-06-25,5.5556
602,2026-06-26,0.0000
602,2026-06-27,0.0000
602,2026-06-28,0.0000
602,2026-06-29,0.0000
602,2026-06-30,0.0000
602,2026-07-01,0.0000
602,2026-07-05,0.0000
602,2026-07-09,0.0000
602,2026-07-10,0.0000
602,2026-07-11,0.0000
602,2026-07-12,0.0000
602,2026-07-13,0.0000
602,2026-07-18,0.0000
602,2026-07-19,0.0000
602,2026-07-26,0.0000
602,2026-08-01,0.0000
602,2026-08-03,0.0000
602,2026-08-06,0.0000
602,2026-08-10,0.0000
603,2026-06-25,6.8182
603,2026-06-26,0.0000
603,2026-06-27,0.0000
603,2026-07-01,0.0000
603,2026-07-03,0.0000
603,2026-07-04,0.0000
603,2026-07-08,0.0000
603,2026-07-11,0.0000
603,2026-07-12,0.0000
603,2026-07-13,0.0000
603,2026-07-19,0.0000
603,2026-07-20,0.0000
603,2026-08-01,0.0000
603,2026-08-08,0.0000
604,2026-06-25,14.2857
604,2026-06-26,0.0000
604,2026-06-27,0.0000
604,2026-06-28,0.0000
604,2026-06-29,0.0000
604,2026-06-30,0.0000
604,2026-07-03,0.0000
604,2026-07-11,0.0000
604,2026-07-12,0.0000
604,2026-07-14,0.0000
604,2026-07-15,0.0000
604,2026-07-22,0.0000
604,2026-08-02,0.0000
604,2026-08-05,0.0000
604,2026-08-07,0.0000
604,2026-08-11,0.0000
605,2026-06-26,20.4545
605,2026-06-27,0.0000
605,2026-06-28,0.0000
605,2026-06-29,0.0000
605,2026-06-30,0.0000
605,2026-07-01,0.0000
605,2026-07-03,0.0000
605,2026-07-04,0.0000
605,2026-07-05,0.0000
605,2026-07-06,0.0000
605,2026-07-11,0.0000
605,2026-07-12,0.0000
605,2026-07-13,0.0000
605,2026-07-14,0.0000
605,2026-07-15,0.0000
605,2026-07-18,0.0000
605,2026-07-19,0.0000
605,2026-07-31,0.0000
606,2026-06-26,15.0000
606,2026-06-29,0.0000
606,2026-07-02,0.0000
606,2026-07-03,0.0000
606,2026-07-06,0.0000
606,2026-07-10,0.0000
606,2026-07-30,0.0000
607,2026-06-26,0.0000
607,2026-06-27,0.0000
608,2026-06-26,0.0000
608,2026-06-27,75.0000
608,2026-06-28,0.0000
608,2026-06-29,0.0000
608,2026-07-01,0.0000
608,2026-07-03,0.0000
608,2026-07-04,0.0000
608,2026-07-06,0.0000
608,2026-07-07,0.0000
608,2026-07-09,0.0000
608,2026-07-10,0.0000
608,2026-07-11,0.0000
608,2026-07-12,0.0000
608,2026-07-13,0.0000
608,2026-07-16,0.0000
608,2026-07-18,0.0000
608,2026-07-19,0.0000
608,2026-07-21,0.0000
608,2026-07-24,0.0000
608,2026-07-25,0.0000
608,2026-08-04,0.0000
608,2026-08-08,0.0000
609,2026-06-26,75.0000
609,2026-06-27,0.0000
609,2026-07-01,0.0000
609,2026-07-03,0.0000
609,2026-07-04,0.0000
609,2026-07-07,0.0000
609,2026-07-11,0.0000
609,2026-07-12,0.0000
609,2026-07-17,0.0000
609,2026-07-18,0.0000
610,2026-06-25,0.0000
611,2026-06-26,5.3571
611,2026-06-27,37.5000
611,2026-06-28,0.0000
611,2026-06-29,0.0000
611,2026-06-30,0.0000
611,2026-07-01,0.0000
611,2026-07-02,0.0000
611,2026-07-03,0.0000
611,2026-07-04,0.0000
611,2026-07-05,0.0000
611,2026-07-07,0.0000
611,2026-07-09,0.0000
611,2026-07-10,0.0000
611,2026-07-11,0.0000
611,2026-07-12,0.0000
611,2026-07-13,0.0000
611,2026-07-16,0.0000
611,2026-07-17,0.0000
611,2026-07-18,0.0000
611,2026-07-20,0.0000
611,2026-08-01,0.0000
611,2026-08-08,0.0000
611,2026-08-10,0.0000
612,2026-06-26,25.0000
612,2026-06-27,0.0000
612,2026-06-28,0.0000
612,2026-06-30,0.0000
612,2026-07-02,0.0000
612,2026-07-07,0.0000
613,2026-06-25,0.0000
613,2026-06-27,75.0000
613,2026-07-01,0.0000
613,2026-07-07,0.0000
613,2026-08-10,0.0000
614,2026-06-26,15.0000
614,2026-06-27,0.0000
614,2026-06-28,0.0000
614,2026-06-29,0.0000
614,2026-06-30,0.0000
614,2026-07-01,0.0000
614,2026-07-02,0.0000
614,2026-07-03,0.0000
614,2026-07-04,0.0000
614,2026-07-05,0.0000
614,2026-07-08,0.0000
614,2026-07-11,0.0000
614,2026-07-12,0.0000
614,2026-07-15,0.0000
614,2026-07-16,0.0000
614,2026-07-19,0.0000
614,2026-07-20,0.0000
614,2026-07-21,0.0000
614,2026-07-22,0.0000
614,2026-07-28,0.0000
614,2026-07-29,0.0000
614,2026-08-01,0.0000
614,2026-08-08,0.0000
615,2026-06-25,0.0000
615,2026-06-26,0.0000
615,2026-06-28,0.0000
615,2026-06-29,0.0000
615,2026-07-12,0.0000
616,2026-06-25,0.0000
616,2026-06-26,0.0000
616,2026-06-27,0.0000
616,2026-06-29,0.0000
616,2026-07-02,0.0000
616,2026-07-03,0.0000
617,2026-06-26,10.0000
617,2026-06-27,0.0000
617,2026-06-28,0.0000
617,2026-06-29,0.0000
617,2026-06-30,0.0000
617,2026-07-02,0.0000
617,2026-07-11,0.0000
617,2026-07-12,0.0000
617,2026-07-13,0.0000
617,2026-07-14,0.0000
617,2026-07-22,0.0000
617,2026-08-05,0.0000
617,2026-08-10,0.0000
618,2026-06-26,5.0000
618,2026-06-27,0.0000
618,2026-06-28,0.0000
618,2026-06-29,0.0000
618,2026-06-30,0.0000
618,2026-07-01,0.0000
618,2026-07-02,0.0000
618,2026-07-03,0.0000
618,2026-07-04,0.0000
618,2026-07-05,0.0000
618,2026-07-06,0.0000
618,2026-07-08,0.0000
618,2026-07-10,0.0000
618,2026-07-12,0.0000
618,2026-07-13,0.0000
618,2026-07-14,0.0000
618,2026-07-15,0.0000
618,2026-07-16,0.0000
618,2026-07-19,0.0000
618,2026-08-02,0.0000
618,2026-08-05,0.0000
619,2026-06-26,0.0000
619,2026-06-27,0.0000
619,2026-06-28,0.0000
619,2026-06-29,0.0000
621,2026-06-27,21.4286
621,2026-06-28,75.0000
621,2026-06-29,0.0000
621,2026-06-30,0.0000
621,2026-07-01,0.0000
621,2026-07-02,0.0000
621,2026-07-03,0.0000
621,2026-07-06,0.0000
621,2026-07-08,0.0000
621,2026-07-11,0.0000
621,2026-07-12,0.0000
621,2026-07-13,0.0000
621,2026-07-14,0.0000
621,2026-07-15,0.0000
621,2026-07-22,0.0000
622,2026-06-27,0.0000
622,2026-06-28,0.0000
622,2026-06-29,0.0000
622,2026-06-30,0.0000
622,2026-07-01,0.0000
622,2026-07-02,0.0000
622,2026-07-04,0.0000
622,2026-07-05,0.0000
622,2026-07-09,0.0000
622,2026-07-10,0.0000
622,2026-07-11,0.0000
622,2026-07-12,0.0000
622,2026-07-14,0.0000
622,2026-08-04,0.0000
622,2026-08-10,0.0000
623,2026-06-26,0.0000
623,2026-06-30,0.0000
623,2026-07-03,0.0000
624,2026-06-27,8.8235
624,2026-06-28,0.0000
624,2026-06-29,0.0000
624,2026-06-30,0.0000
624,2026-07-01,0.0000
624,2026-07-03,0.0000
624,2026-07-05,0.0000
624,2026-07-08,0.0000
624,2026-07-09,0.0000
624,2026-07-11,0.0000
624,2026-07-12,0.0000
624,2026-07-13,0.0000
624,2026-07-14,0.0000
624,2026-07-19,0.0000
624,2026-08-02,0.0000
624,2026-08-03,0.0000
624,2026-08-05,0.0000
625,2026-06-27,0.0000
625,2026-06-28,0.0000
625,2026-06-29,0.0000
625,2026-06-30,0.0000
626,2026-06-26,21.4286
626,2026-06-27,15.0000
626,2026-06-28,0.0000
626,2026-06-29,0.0000
626,2026-06-30,0.0000
626,2026-07-01,0.0000
626,2026-07-02,0.0000
626,2026-07-03,0.0000
626,2026-07-04,0.0000
626,2026-07-05,0.0000
626,2026-07-11,0.0000
626,2026-07-12,0.0000
626,2026-07-13,0.0000
626,2026-07-14,0.0000
626,2026-07-15,0.0000
626,2026-07-20,0.0000
626,2026-07-21,0.0000
626,2026-07-24,0.0000
626,2026-07-27,0.0000
626,2026-07-30,0.0000
627,2026-06-27,6.8182
627,2026-06-28,0.0000
627,2026-06-29,37.5000
627,2026-06-30,0.0000
627,2026-07-01,0.0000
627,2026-07-04,0.0000
627,2026-07-07,0.0000
627,2026-07-11,0.0000
627,2026-07-12,0.0000
627,2026-07-13,0.0000
627,2026-07-14,0.0000
627,2026-07-21,0.0000
627,2026-07-29,0.0000
628,2026-06-27,2.3438
628,2026-06-28,0.0000
628,2026-06-29,75.0000
628,2026-06-30,0.0000
628,2026-07-01,0.0000
628,2026-07-02,0.0000
628,2026-07-03,0.0000
628,2026-07-05,0.0000
628,2026-07-09,0.0000
628,2026-07-14,0.0000
628,2026-07-18,0.0000
628,2026-07-20,0.0000
628,2026-07-22,0.0000
628,2026-07-23,0.0000
628,2026-07-28,0.0000
628,2026-07-30,0.0000
628,2026-07-31,75.0000
628,2026-08-06,0.0000
628,2026-08-07,0.0000
628,2026-08-11,0.0000
629,2026-06-27,11.8421
629,2026-06-28,0.0000
629,2026-06-29,0.0000
629,2026-06-30,0.0000
629,2026-07-01,0.0000
629,2026-07-02,0.0000
629,2026-07-03,0.0000
629,2026-07-04,0.0000
629,2026-07-05,0.0000
629,2026-07-07,0.0000
629,2026-07-08,0.0000
629,2026-07-09,0.0000
629,2026-07-10,0.0000
629,2026-07-13,0.0000
629,2026-07-14,0.0000
629,2026-07-16,0.0000
629,2026-07-18,0.0000
629,2026-07-20,0.0000
629,2026-07-21,0.0000
629,2026-07-22,0.0000
629,2026-07-23,0.0000
629,2026-07-30,0.0000
630,2026-06-29,0.0000
630,2026-06-30,0.0000
630,2026-07-01,0.0000
630,2026-07-02,0.0000
630,2026-07-04,0.0000
630,2026-07-05,0.0000
630,2026-07-06,0.0000
630,2026-07-07,0.0000
630,2026-07-08,0.0000
630,2026-07-10,0.0000
630,2026-07-11,0.0000
630,2026-07-12,0.0000
630,2026-07-13,0.0000
630,2026-07-14,0.0000
630,2026-07-15,0.0000
630,2026-07-17,0.0000
630,2026-07-19,0.0000
630,2026-07-20,0.0000
630,2026-07-28,0.0000
630,2026-07-29,0.0000
630,2026-08-03,0.0000
630,2026-08-05,0.0000
631,2026-06-29,0.0000
631,2026-06-30,0.0000
631,2026-07-01,0.0000
631,2026-07-05,0.0000
631,2026-07-09,0.0000
631,2026-08-02,0.0000
632,2026-06-29,0.0000
632,2026-06-30,0.0000
632,2026-07-02,0.0000
633,2026-06-29,0.0000
633,2026-06-30,0.0000
633,2026-07-01,0.0000
633,2026-07-06,0.0000
636,2026-06-29,0.0000
636,2026-06-30,0.0000
636,2026-07-01,0.0000
636,2026-07-02,75.0000
636,2026-07-03,0.0000
636,2026-07-04,0.0000
636,2026-07-06,0.0000
636,2026-07-07,0.0000
636,2026-07-08,0.0000
636,2026-07-11,0.0000
636,2026-07-12,0.0000
636,2026-07-13,0.0000
636,2026-07-14,0.0000
636,2026-07-15,0.0000
636,2026-07-17,0.0000
636,2026-07-18,75.0000
636,2026-07-19,0.0000
636,2026-07-21,0.0000
636,2026-08-02,0.0000
637,2026-06-29,0.0000
637,2026-06-30,0.0000
637,2026-07-14,0.0000
637,2026-08-11,0.0000
638,2026-06-29,0.0000
638,2026-06-30,0.0000
638,2026-07-01,0.0000
638,2026-07-03,0.0000
638,2026-07-05,0.0000
639,2026-06-29,11.1111
639,2026-06-30,0.0000
639,2026-07-01,0.0000
639,2026-07-02,0.0000
639,2026-07-03,0.0000
639,2026-07-09,0.0000
639,2026-07-10,0.0000
639,2026-07-14,0.0000
639,2026-07-16,0.0000
639,2026-07-19,0.0000
639,2026-07-20,0.0000
639,2026-07-23,0.0000
639,2026-07-27,0.0000
639,2026-07-28,0.0000
639,2026-07-29,0.0000
640,2026-06-29,0.0000
640,2026-06-30,0.0000
640,2026-07-01,0.0000
640,2026-07-02,0.0000
640,2026-07-03,0.0000
640,2026-07-05,0.0000
640,2026-07-06,0.0000
640,2026-07-07,0.0000
640,2026-07-08,0.0000
640,2026-07-09,0.0000
640,2026-07-10,0.0000
640,2026-07-12,0.0000
640,2026-07-16,0.0000
640,2026-07-18,0.0000
640,2026-07-20,0.0000
640,2026-07-21,0.0000
640,2026-07-22,0.0000
640,2026-07-23,0.0000
640,2026-07-24,0.0000
640,2026-07-25,0.0000
640,2026-07-31,0.0000
640,2026-08-01,0.0000
641,2026-06-29,11.5385
641,2026-06-30,0.0000
641,2026-07-01,0.0000
641,2026-07-02,0.0000
641,2026-07-03,0.0000
641,2026-07-05,0.0000
641,2026-07-06,0.0000
641,2026-07-08,0.0000
641,2026-07-11,0.0000
641,2026-07-12,0.0000
641,2026-07-21,0.0000
641,2026-07-22,0.0000
641,2026-07-23,0.0000
641,2026-07-24,0.0000
641,2026-07-25,0.0000
641,2026-08-03,0.0000
641,2026-08-04,0.0000
641,2026-08-07,0.0000
641,2026-08-08,0.0000
642,2026-06-30,18.7500
642,2026-07-01,0.0000
642,2026-07-02,0.0000
642,2026-07-03,0.0000
642,2026-07-04,0.0000
642,2026-07-05,0.0000
642,2026-07-06,0.0000
642,2026-07-11,0.0000
642,2026-07-13,0.0000
642,2026-07-14,0.0000
642,2026-07-18,0.0000
642,2026-07-19,0.0000
642,2026-07-20,0.0000
642,2026-07-21,0.0000
642,2026-07-22,0.0000
642,2026-07-24,0.0000
642,2026-07-26,0.0000
642,2026-07-30,0.0000
642,2026-08-05,0.0000
642,2026-08-06,0.0000
642,2026-08-10,0.0000
643,2026-06-30,0.0000
643,2026-07-01,0.0000
643,2026-07-02,0.0000
643,2026-07-03,0.0000
643,2026-07-09,0.0000
643,2026-07-14,0.0000
644,2026-06-30,0.0000
644,2026-07-01,0.0000
644,2026-07-08,0.0000
645,2026-06-30,13.6364
645,2026-07-01,0.0000
645,2026-07-02,0.0000
645,2026-07-03,0.0000
645,2026-07-05,0.0000
645,2026-07-06,0.0000
645,2026-07-07,0.0000
645,2026-07-08,0.0000
645,2026-07-10,0.0000
645,2026-07-14,0.0000
645,2026-07-16,0.0000
645,2026-07-18,0.0000
645,2026-07-19,0.0000
645,2026-07-20,0.0000
645,2026-07-21,0.0000
645,2026-07-22,0.0000
645,2026-07-23,0.0000
645,2026-07-24,0.0000
645,2026-07-30,0.0000
645,2026-08-01,0.0000
646,2026-06-30,0.0000
646,2026-07-01,0.0000
646,2026-07-02,0.0000
646,2026-07-03,0.0000
646,2026-07-04,0.0000
646,2026-07-05,0.0000
646,2026-07-12,0.0000
646,2026-07-18,0.0000
647,2026-06-30,0.0000
647,2026-07-02,0.0000
647,2026-07-03,0.0000
647,2026-07-06,0.0000
647,2026-07-07,0.0000
647,2026-07-13,0.0000
647,2026-07-14,0.0000
647,2026-07-16,0.0000
647,2026-07-17,0.0000
648,2026-06-30,8.8235
648,2026-07-01,0.0000
648,2026-07-02,0.0000
648,2026-07-03,0.0000
648,2026-07-05,0.0000
648,2026-07-06,0.0000
648,2026-07-08,0.0000
648,2026-07-12,0.0000
648,2026-07-13,0.0000
648,2026-07-18,0.0000
648,2026-07-21,0.0000
648,2026-08-07,0.0000
649,2026-06-30,8.6538
649,2026-07-01,0.0000
649,2026-07-02,0.0000
649,2026-07-03,0.0000
649,2026-07-04,0.0000
649,2026-07-05,0.0000
649,2026-07-06,0.0000
649,2026-07-07,0.0000
649,2026-07-13,0.0000
649,2026-07-17,0.0000
649,2026-07-19,0.0000
649,2026-07-20,0.0000
649,2026-07-21,0.0000
649,2026-07-24,0.0000
649,2026-07-26,0.0000
649,2026-07-30,0.0000
649,2026-08-02,0.0000
649,2026-08-10,0.0000
650,2026-06-30,17.3077
650,2026-07-01,0.0000
650,2026-07-02,0.0000
650,2026-07-03,0.0000
650,2026-07-05,0.0000
650,2026-07-06,0.0000
650,2026-07-07,0.0000
650,2026-07-11,0.0000
650,2026-07-15,0.0000
650,2026-07-19,0.0000
650,2026-07-20,0.0000
650,2026-07-21,0.0000
650,2026-07-26,0.0000
650,2026-07-28,0.0000
650,2026-07-29,0.0000
650,2026-08-02,0.0000
651,2026-06-30,8.3333
651,2026-07-01,0.0000
651,2026-07-02,0.0000
651,2026-07-03,0.0000
651,2026-07-04,0.0000
651,2026-07-05,0.0000
651,2026-07-06,0.0000
651,2026-07-07,0.0000
651,2026-07-09,0.0000
651,2026-07-10,0.0000
651,2026-07-11,0.0000
651,2026-07-12,0.0000
651,2026-07-13,0.0000
651,2026-07-16,0.0000
651,2026-07-17,0.0000
651,2026-07-19,0.0000
651,2026-07-25,0.0000
651,2026-07-26,0.0000
651,2026-08-10,0.0000
653,2026-07-01,0.0000
653,2026-07-02,0.0000
653,2026-07-03,0.0000
653,2026-07-04,0.0000
653,2026-07-05,0.0000
653,2026-07-12,0.0000
653,2026-07-21,0.0000
653,2026-08-07,0.0000
654,2026-07-01,0.0000
654,2026-07-02,0.0000
654,2026-07-08,0.0000
655,2026-07-01,0.0000
655,2026-07-15,0.0000
656,2026-07-01,19.7368
656,2026-07-02,0.0000
656,2026-07-03,0.0000
656,2026-07-04,0.0000
656,2026-07-05,0.0000
656,2026-07-06,0.0000
656,2026-07-07,0.0000
656,2026-07-09,0.0000
656,2026-07-13,0.0000
656,2026-07-20,0.0000
656,2026-07-21,0.0000
656,2026-07-25,0.0000
656,2026-07-26,0.0000
656,2026-07-30,0.0000
656,2026-08-02,0.0000
657,2026-07-01,10.0000
657,2026-07-02,0.0000
657,2026-07-03,0.0000
657,2026-07-05,0.0000
657,2026-07-06,0.0000
657,2026-07-08,0.0000
657,2026-07-11,0.0000
657,2026-07-18,0.0000
657,2026-07-19,0.0000
657,2026-07-20,0.0000
657,2026-07-26,0.0000
657,2026-07-28,0.0000
657,2026-08-02,0.0000
657,2026-08-05,0.0000
658,2026-07-01,13.6364
658,2026-07-02,15.0000
658,2026-07-03,0.0000
658,2026-07-04,0.0000
658,2026-07-05,0.0000
658,2026-07-06,0.0000
658,2026-07-07,0.0000
658,2026-07-08,0.0000
658,2026-07-10,0.0000
658,2026-07-11,0.0000
658,2026-07-16,0.0000
658,2026-07-17,0.0000
658,2026-07-26,0.0000
658,2026-08-01,0.0000
659,2026-07-01,4.2857
659,2026-07-02,0.0000
659,2026-07-03,18.7500
659,2026-07-04,0.0000
659,2026-07-05,0.0000
659,2026-07-06,0.0000
659,2026-07-07,0.0000
659,2026-07-08,0.0000
659,2026-07-09,0.0000
659,2026-07-10,0.0000
659,2026-07-12,0.0000
659,2026-07-14,0.0000
659,2026-07-15,0.0000
659,2026-07-16,0.0000
659,2026-07-18,0.0000
659,2026-07-22,0.0000
659,2026-07-27,0.0000
659,2026-07-30,0.0000
659,2026-08-05,0.0000
659,2026-08-06,0.0000
659,2026-08-07,0.0000
659,2026-08-10,0.0000
660,2026-07-02,9.3750
660,2026-07-03,0.0000
660,2026-07-04,0.0000
660,2026-07-05,0.0000
660,2026-07-06,0.0000
660,2026-07-08,0.0000
660,2026-07-09,0.0000
660,2026-07-12,0.0000
660,2026-07-14,0.0000
660,2026-07-19,0.0000
660,2026-07-20,0.0000
660,2026-07-21,0.0000
660,2026-07-31,0.0000
660,2026-08-05,0.0000
660,2026-08-07,0.0000
661,2026-07-02,10.7143
661,2026-07-03,0.0000
661,2026-07-04,0.0000
661,2026-07-05,0.0000
661,2026-07-06,0.0000
661,2026-07-08,0.0000
661,2026-07-13,0.0000
661,2026-07-14,0.0000
661,2026-07-16,0.0000
661,2026-07-20,0.0000
661,2026-07-21,0.0000
661,2026-07-22,0.0000
661,2026-07-24,0.0000
661,2026-07-25,0.0000
661,2026-07-30,0.0000
661,2026-08-02,0.0000
661,2026-08-03,0.0000
662,2026-07-01,25.0000
662,2026-07-02,0.0000
662,2026-07-03,0.0000
662,2026-07-05,0.0000
662,2026-07-13,0.0000
663,2026-07-01,0.0000
663,2026-07-02,0.0000
663,2026-07-03,0.0000
663,2026-07-04,0.0000
664,2026-07-02,10.7143
664,2026-07-03,0.0000
664,2026-07-04,0.0000
664,2026-07-05,0.0000
664,2026-07-06,0.0000
664,2026-07-07,75.0000
664,2026-07-09,0.0000
664,2026-07-11,0.0000
664,2026-07-13,0.0000
664,2026-07-18,0.0000
664,2026-07-19,0.0000
664,2026-07-20,0.0000
664,2026-07-21,0.0000
664,2026-07-26,0.0000
664,2026-07-27,0.0000
664,2026-08-01,0.0000
664,2026-08-02,0.0000
664,2026-08-03,0.0000
665,2026-07-02,0.0000
665,2026-07-03,0.0000
665,2026-07-06,0.0000
665,2026-07-11,0.0000
665,2026-07-19,0.0000
665,2026-07-24,0.0000
665,2026-07-28,0.0000
665,2026-07-31,0.0000
666,2026-07-02,0.0000
666,2026-07-03,0.0000
666,2026-07-04,0.0000
668,2026-07-02,6.8182
668,2026-07-03,0.0000
668,2026-07-04,0.0000
668,2026-07-05,0.0000
668,2026-07-06,0.0000
668,2026-07-07,0.0000
668,2026-07-08,0.0000
668,2026-07-09,0.0000
668,2026-07-10,0.0000
668,2026-07-11,0.0000
668,2026-07-13,0.0000
668,2026-07-14,0.0000
668,2026-07-15,0.0000
668,2026-07-16,0.0000
668,2026-07-18,0.0000
668,2026-07-20,0.0000
668,2026-07-21,0.0000
668,2026-07-22,0.0000
668,2026-07-24,0.0000
668,2026-07-25,0.0000
668,2026-07-26,0.0000
668,2026-07-30,0.0000
668,2026-08-05,0.0000
668,2026-08-07,0.0000
669,2026-07-03,13.2353
669,2026-07-04,0.0000
669,2026-07-05,0.0000
669,2026-07-06,0.0000
669,2026-07-07,0.0000
669,2026-07-08,0.0000
669,2026-07-09,0.0000
669,2026-07-10,0.0000
669,2026-07-11,0.0000
669,2026-07-12,0.0000
669,2026-07-13,0.0000
669,2026-07-14,0.0000
669,2026-07-16,0.0000
669,2026-07-18,0.0000
669,2026-07-20,0.0000
669,2026-07-21,0.0000
669,2026-07-22,0.0000
669,2026-07-26,0.0000
669,2026-07-27,0.0000
669,2026-07-30,0.0000
669,2026-08-02,0.0000
669,2026-08-10,0.0000
670,2026-07-03,0.0000
670,2026-07-04,0.0000
670,2026-07-05,0.0000
670,2026-07-06,0.0000
670,2026-07-07,0.0000
670,2026-07-08,0.0000
670,2026-07-09,0.0000
670,2026-07-10,0.0000
670,2026-07-11,0.0000
670,2026-07-12,0.0000
670,2026-07-16,0.0000
670,2026-07-17,0.0000
670,2026-07-18,0.0000
670,2026-07-19,0.0000
670,2026-07-23,0.0000
670,2026-07-25,0.0000
670,2026-07-26,0.0000
670,2026-08-04,0.0000
671,2026-07-03,0.0000
671,2026-07-04,0.0000
671,2026-07-05,0.0000
671,2026-07-08,0.0000
671,2026-07-11,0.0000
671,2026-07-17,0.0000
671,2026-07-18,0.0000
671,2026-07-24,0.0000
672,2026-07-03,0.0000
672,2026-07-04,0.0000
672,2026-07-05,0.0000
672,2026-07-10,0.0000
673,2026-07-03,10.7143
673,2026-07-04,0.0000
673,2026-07-05,0.0000
673,2026-07-06,75.0000
673,2026-07-07,0.0000
673,2026-07-08,0.0000
673,2026-07-09,0.0000
673,2026-07-10,0.0000
673,2026-07-11,0.0000
673,2026-07-14,0.0000
673,2026-07-15,0.0000
673,2026-07-16,0.0000
673,2026-07-18,0.0000
673,2026-07-20,0.0000
673,2026-07-21,0.0000
673,2026-07-27,0.0000
673,2026-07-30,0.0000
673,2026-08-05,0.0000
673,2026-08-06,0.0000
673,2026-08-07,0.0000
676,2026-07-03,8.3333
676,2026-07-04,0.0000
676,2026-07-05,0.0000
676,2026-07-06,0.0000
676,2026-07-07,0.0000
676,2026-07-08,0.0000
676,2026-07-09,0.0000
676,2026-07-10,0.0000
676,2026-07-11,0.0000
676,2026-07-12,0.0000
676,2026-07-13,0.0000
676,2026-07-15,0.0000
676,2026-07-16,0.0000
676,2026-07-18,0.0000
676,2026-07-19,0.0000
676,2026-07-22,0.0000
676,2026-07-23,0.0000
676,2026-08-07,0.0000
676,2026-08-08,0.0000
677,2026-07-03,12.5000
677,2026-07-04,0.0000
677,2026-07-05,0.0000
677,2026-07-06,0.0000
677,2026-07-07,0.0000
677,2026-07-08,0.0000
677,2026-07-09,0.0000
677,2026-07-18,0.0000
677,2026-07-20,0.0000
677,2026-07-23,0.0000
677,2026-07-29,0.0000
719,2026-07-06,6.8182
719,2026-07-07,0.0000
719,2026-07-08,0.0000
719,2026-07-09,0.0000
719,2026-07-10,0.0000
719,2026-07-11,0.0000
719,2026-07-12,0.0000
719,2026-07-14,0.0000
719,2026-07-15,0.0000
719,2026-07-16,0.0000
719,2026-07-17,0.0000
719,2026-07-18,0.0000
719,2026-07-21,0.0000
719,2026-07-26,0.0000
719,2026-08-02,0.0000
719,2026-08-03,0.0000
719,2026-08-05,0.0000
719,2026-08-06,0.0000
719,2026-08-07,0.0000
719,2026-08-08,0.0000
719,2026-08-10,0.0000
720,2026-07-04,6.2500
720,2026-07-05,0.0000
720,2026-07-06,18.7500
720,2026-07-07,0.0000
720,2026-07-09,0.0000
720,2026-07-10,75.0000
720,2026-07-13,0.0000
720,2026-07-14,0.0000
720,2026-07-16,0.0000
720,2026-07-17,0.0000
720,2026-07-19,0.0000
720,2026-07-20,0.0000
720,2026-07-21,0.0000
720,2026-07-22,0.0000
720,2026-07-23,0.0000
720,2026-07-24,0.0000
720,2026-07-26,0.0000
720,2026-08-01,0.0000
720,2026-08-10,0.0000
721,2026-07-04,11.1111
721,2026-07-05,0.0000
721,2026-07-06,0.0000
721,2026-07-07,0.0000
721,2026-07-08,0.0000
721,2026-07-09,0.0000
721,2026-07-10,0.0000
721,2026-07-12,0.0000
721,2026-07-13,0.0000
721,2026-07-14,0.0000
721,2026-07-15,0.0000
721,2026-07-19,0.0000
721,2026-07-20,0.0000
721,2026-07-21,0.0000
721,2026-07-22,0.0000
721,2026-07-23,0.0000
721,2026-07-25,0.0000
721,2026-07-30,0.0000
721,2026-08-01,0.0000
721,2026-08-02,0.0000
721,2026-08-09,0.0000
721,2026-08-10,0.0000
721,2026-08-11,0.0000
722,2026-07-04,11.8421
722,2026-07-05,0.0000
722,2026-07-06,0.0000
722,2026-07-07,0.0000
722,2026-07-08,0.0000
722,2026-07-09,0.0000
722,2026-07-10,0.0000
722,2026-07-12,0.0000
722,2026-07-13,0.0000
722,2026-07-15,0.0000
722,2026-07-26,0.0000
722,2026-07-27,0.0000
722,2026-08-01,0.0000
722,2026-08-03,0.0000
722,2026-08-04,0.0000
722,2026-08-06,0.0000
722,2026-08-10,0.0000
723,2026-07-04,3.4091
723,2026-07-05,0.0000
723,2026-07-06,0.0000
723,2026-07-07,0.0000
723,2026-07-08,0.0000
723,2026-07-09,0.0000
723,2026-07-10,0.0000
723,2026-07-12,0.0000
723,2026-07-18,0.0000
723,2026-07-20,0.0000
723,2026-07-21,0.0000
723,2026-07-23,0.0000
723,2026-08-06,0.0000
724,2026-07-06,6.5217
724,2026-07-07,0.0000
724,2026-07-08,0.0000
724,2026-07-09,0.0000
724,2026-07-10,0.0000
724,2026-07-12,0.0000
724,2026-07-14,0.0000
724,2026-07-16,0.0000
724,2026-07-22,0.0000
724,2026-07-23,0.0000
724,2026-07-26,0.0000
724,2026-07-30,0.0000
724,2026-07-31,0.0000
724,2026-08-04,0.0000
724,2026-08-09,0.0000
725,2026-07-06,5.7692
725,2026-07-07,10.7143
725,2026-07-08,0.0000
725,2026-07-09,0.0000
725,2026-07-10,0.0000
725,2026-07-11,0.0000
725,2026-07-12,0.0000
725,2026-07-13,0.0000
725,2026-07-14,0.0000
725,2026-07-15,75.0000
725,2026-07-16,0.0000
725,2026-07-17,0.0000
725,2026-07-19,0.0000
725,2026-07-20,0.0000
725,2026-07-22,0.0000
725,2026-07-23,0.0000
725,2026-07-24,0.0000
726,2026-07-06,10.0000
726,2026-07-07,12.5000
726,2026-07-08,0.0000
726,2026-07-09,0.0000
726,2026-07-10,0.0000
726,2026-07-12,0.0000
726,2026-07-13,0.0000
726,2026-07-15,0.0000
726,2026-07-17,0.0000
726,2026-07-24,0.0000
726,2026-07-26,0.0000
726,2026-07-28,0.0000
726,2026-08-02,0.0000
727,2026-07-06,0.0000
727,2026-07-07,0.0000
727,2026-07-08,0.0000
727,2026-07-09,0.0000
727,2026-07-10,0.0000
727,2026-07-11,0.0000
727,2026-07-12,0.0000
727,2026-07-13,0.0000
727,2026-07-15,0.0000
727,2026-07-16,0.0000
727,2026-07-17,0.0000
727,2026-07-18,0.0000
727,2026-07-19,0.0000
727,2026-07-20,0.0000
727,2026-07-23,0.0000
727,2026-07-24,0.0000
727,2026-07-31,0.0000
727,2026-08-02,0.0000
727,2026-08-03,0.0000
727,2026-08-04,0.0000
727,2026-08-05,0.0000
727,2026-08-10,0.0000
727,2026-08-11,0.0000
728,2026-07-06,0.0000
728,2026-07-07,0.0000
728,2026-07-08,0.0000
728,2026-07-09,0.0000
728,2026-07-10,0.0000
728,2026-07-11,0.0000
728,2026-07-19,0.0000
728,2026-07-23,0.0000
729,2026-07-06,37.5000
729,2026-07-07,0.0000
729,2026-07-10,75.0000
734,2026-07-07,0.0000
734,2026-07-08,0.0000
734,2026-07-09,0.0000
734,2026-07-10,0.0000
734,2026-07-12,0.0000
734,2026-07-13,0.0000
734,2026-07-14,0.0000
734,2026-07-15,0.0000
734,2026-07-16,0.0000
734,2026-07-21,0.0000
734,2026-07-24,0.0000
735,2026-07-07,0.0000
735,2026-07-08,0.0000
735,2026-07-09,0.0000
735,2026-07-10,0.0000
735,2026-07-14,0.0000
735,2026-07-21,0.0000
736,2026-07-07,0.0000
736,2026-07-09,0.0000
736,2026-07-10,0.0000
737,2026-07-07,15.0000
737,2026-07-08,0.0000
737,2026-07-09,18.7500
737,2026-07-10,0.0000
737,2026-07-11,0.0000
737,2026-07-12,0.0000
737,2026-07-15,0.0000
737,2026-07-16,0.0000
737,2026-07-22,0.0000
737,2026-07-24,0.0000
737,2026-07-29,0.0000
737,2026-08-09,0.0000
738,2026-07-07,30.0000
738,2026-07-08,0.0000
738,2026-07-09,0.0000
738,2026-07-10,0.0000
738,2026-07-11,0.0000
738,2026-07-20,0.0000
738,2026-08-02,0.0000
739,2026-07-07,20.4545
739,2026-07-08,0.0000
739,2026-07-09,0.0000
739,2026-07-10,0.0000
739,2026-07-11,0.0000
739,2026-07-12,0.0000
739,2026-07-18,0.0000
740,2026-07-07,0.0000
740,2026-07-08,0.0000
740,2026-07-09,0.0000
740,2026-07-10,0.0000
740,2026-07-11,0.0000
740,2026-07-14,0.0000
873,2026-07-07,18.7500
873,2026-07-08,0.0000
873,2026-07-09,0.0000
873,2026-07-10,0.0000
873,2026-07-16,0.0000
873,2026-08-01,0.0000
873,2026-08-04,0.0000
873,2026-08-08,0.0000
873,2026-08-10,0.0000
874,2026-07-07,0.0000
874,2026-07-08,0.0000
874,2026-07-09,0.0000
874,2026-07-10,0.0000
874,2026-07-11,0.0000
874,2026-07-16,0.0000
874,2026-07-20,0.0000
874,2026-07-22,0.0000
874,2026-07-30,0.0000
926,2026-07-07,12.5000
926,2026-07-08,0.0000
926,2026-07-09,0.0000
926,2026-07-10,0.0000
926,2026-07-11,0.0000
926,2026-07-22,0.0000
926,2026-07-23,0.0000
926,2026-08-03,0.0000
927,2026-07-08,15.0000
927,2026-07-09,0.0000
927,2026-07-10,0.0000
927,2026-07-11,0.0000
927,2026-07-12,0.0000
927,2026-07-13,0.0000
927,2026-07-14,0.0000
927,2026-07-15,0.0000
927,2026-07-17,0.0000
927,2026-07-18,0.0000
927,2026-07-19,0.0000
927,2026-07-20,0.0000
927,2026-07-22,0.0000
927,2026-07-23,0.0000
927,2026-07-28,0.0000
927,2026-07-31,0.0000
928,2026-07-08,0.0000
928,2026-07-09,75.0000
928,2026-07-10,0.0000
928,2026-07-11,0.0000
928,2026-07-12,0.0000
928,2026-07-13,0.0000
928,2026-07-14,0.0000
928,2026-07-15,0.0000
928,2026-07-18,0.0000
928,2026-07-20,0.0000
928,2026-07-21,0.0000
928,2026-07-24,0.0000
928,2026-08-10,0.0000
929,2026-07-08,0.0000
929,2026-07-09,0.0000
929,2026-07-10,0.0000
929,2026-07-16,0.0000
929,2026-07-17,0.0000
930,2026-07-08,0.0000
930,2026-07-09,0.0000
930,2026-07-10,0.0000
930,2026-07-11,0.0000
930,2026-07-12,0.0000
930,2026-07-13,0.0000
930,2026-07-16,0.0000
930,2026-07-18,0.0000
930,2026-07-19,0.0000
930,2026-07-27,0.0000
930,2026-07-28,0.0000
930,2026-07-30,0.0000
930,2026-07-31,0.0000
930,2026-08-03,0.0000
930,2026-08-07,0.0000
930,2026-08-10,0.0000
931,2026-07-08,0.0000
931,2026-07-09,0.0000
931,2026-07-10,0.0000
931,2026-07-11,0.0000
931,2026-07-12,0.0000
931,2026-07-13,0.0000
931,2026-07-14,0.0000
931,2026-07-16,0.0000
931,2026-07-17,0.0000
931,2026-07-20,0.0000
931,2026-07-22,0.0000
931,2026-07-23,0.0000
932,2026-07-08,0.0000
932,2026-07-09,0.0000
932,2026-07-10,0.0000
932,2026-07-30,0.0000
932,2026-07-31,0.0000
933,2026-07-08,8.8235
933,2026-07-09,7.5000
933,2026-07-10,0.0000
933,2026-07-11,0.0000
933,2026-07-12,0.0000
933,2026-07-13,0.0000
933,2026-07-16,0.0000
933,2026-07-17,0.0000
933,2026-07-20,0.0000
933,2026-07-22,0.0000
933,2026-07-23,0.0000
933,2026-07-24,0.0000
933,2026-08-02,0.0000
933,2026-08-03,0.0000
933,2026-08-07,0.0000
933,2026-08-09,0.0000
933,2026-08-10,0.0000
934,2026-07-08,0.0000
934,2026-07-09,0.0000
934,2026-07-10,0.0000
934,2026-07-11,0.0000
934,2026-07-13,0.0000
934,2026-07-15,0.0000
934,2026-07-17,0.0000
934,2026-07-18,0.0000
934,2026-07-21,0.0000
934,2026-07-22,0.0000
934,2026-08-03,0.0000
935,2026-07-08,18.7500
935,2026-07-09,18.7500
935,2026-07-10,0.0000
935,2026-07-11,0.0000
935,2026-07-12,0.0000
935,2026-07-13,0.0000
935,2026-07-14,0.0000
935,2026-07-27,0.0000
935,2026-07-29,0.0000
935,2026-08-04,0.0000
935,2026-08-11,0.0000
936,2026-07-08,5.0000
936,2026-07-09,15.0000
936,2026-07-10,18.7500
936,2026-07-11,0.0000
936,2026-07-12,0.0000
936,2026-07-13,0.0000
936,2026-07-14,0.0000
936,2026-07-15,0.0000
936,2026-07-21,0.0000
937,2026-07-08,5.0000
937,2026-07-09,0.0000
937,2026-07-10,0.0000
937,2026-07-11,0.0000
937,2026-07-12,0.0000
937,2026-07-13,0.0000
937,2026-07-14,0.0000
937,2026-07-15,0.0000
937,2026-07-20,0.0000
937,2026-07-23,0.0000
937,2026-07-24,0.0000
937,2026-07-25,0.0000
937,2026-07-27,0.0000
937,2026-08-02,0.0000
937,2026-08-08,0.0000
937,2026-08-09,0.0000
938,2026-07-09,10.7143
938,2026-07-10,0.0000
938,2026-07-11,0.0000
938,2026-07-12,0.0000
938,2026-07-13,0.0000
938,2026-07-14,0.0000
938,2026-07-17,0.0000
938,2026-07-18,0.0000
939,2026-07-09,14.0625
939,2026-07-10,0.0000
939,2026-07-11,0.0000
939,2026-07-12,0.0000
939,2026-07-13,0.0000
939,2026-07-15,0.0000
939,2026-07-16,0.0000
939,2026-07-18,0.0000
939,2026-07-21,0.0000
940,2026-07-09,0.0000
940,2026-07-10,0.0000
940,2026-07-11,0.0000
940,2026-07-12,0.0000
940,2026-07-13,0.0000
940,2026-07-14,0.0000
940,2026-07-16,0.0000
940,2026-07-19,0.0000
940,2026-07-30,0.0000
940,2026-08-07,0.0000
940,2026-08-11,0.0000
941,2026-07-10,0.0000
941,2026-07-11,0.0000
941,2026-07-13,0.0000
941,2026-07-14,0.0000
941,2026-07-15,0.0000
941,2026-07-18,0.0000
941,2026-08-02,0.0000
941,2026-08-05,0.0000
941,2026-08-10,0.0000
942,2026-07-10,13.6364
942,2026-07-11,0.0000
942,2026-07-12,0.0000
942,2026-07-13,0.0000
942,2026-07-14,0.0000
942,2026-07-15,0.0000
942,2026-07-18,75.0000
942,2026-07-21,0.0000
942,2026-07-22,0.0000
942,2026-07-23,0.0000
942,2026-07-29,0.0000
942,2026-07-30,0.0000
942,2026-08-02,0.0000
942,2026-08-05,0.0000
942,2026-08-08,0.0000
943,2026-07-09,7.5000
943,2026-07-10,75.0000
943,2026-07-11,0.0000
943,2026-07-12,0.0000
943,2026-07-13,0.0000
943,2026-07-16,0.0000
943,2026-07-17,0.0000
943,2026-07-18,0.0000
943,2026-07-19,0.0000
943,2026-07-20,0.0000
943,2026-07-24,0.0000
943,2026-07-26,0.0000
943,2026-08-01,75.0000
943,2026-08-02,0.0000
943,2026-08-03,0.0000
943,2026-08-06,0.0000
943,2026-08-07,0.0000
943,2026-08-10,0.0000
947,2026-07-10,0.0000
947,2026-07-11,0.0000
947,2026-07-12,0.0000
947,2026-07-13,0.0000
947,2026-07-14,0.0000
947,2026-07-16,0.0000
947,2026-07-21,0.0000
947,2026-07-22,0.0000
947,2026-07-24,0.0000
947,2026-08-09,0.0000
948,2026-07-10,0.0000
948,2026-07-11,0.0000
948,2026-07-12,0.0000
948,2026-08-10,0.0000
949,2026-07-10,0.0000
949,2026-07-11,0.0000
949,2026-07-12,0.0000
949,2026-07-13,0.0000
949,2026-08-09,0.0000
950,2026-07-11,0.0000
950,2026-07-12,0.0000
950,2026-07-13,0.0000
950,2026-07-14,0.0000
950,2026-07-17,0.0000
950,2026-07-19,0.0000
950,2026-07-20,0.0000
950,2026-07-22,0.0000
950,2026-07-24,0.0000
950,2026-07-25,0.0000
950,2026-07-26,0.0000
950,2026-07-27,0.0000
950,2026-07-28,0.0000
950,2026-08-01,0.0000
950,2026-08-02,0.0000
950,2026-08-03,0.0000
950,2026-08-10,0.0000
951,2026-07-10,0.0000
951,2026-07-11,0.0000
951,2026-07-14,0.0000
951,2026-07-15,0.0000
951,2026-07-16,0.0000
951,2026-07-20,0.0000
951,2026-07-22,0.0000
951,2026-07-24,0.0000
952,2026-07-10,0.0000
952,2026-07-11,0.0000
952,2026-07-12,0.0000
952,2026-07-15,0.0000
952,2026-07-18,0.0000
954,2026-07-10,0.0000
954,2026-07-11,0.0000
954,2026-07-12,0.0000
954,2026-07-16,0.0000
954,2026-08-05,0.0000
955,2026-07-10,0.0000
955,2026-07-11,0.0000
955,2026-07-16,0.0000
956,2026-07-10,0.0000
956,2026-07-16,0.0000
956,2026-07-17,0.0000
956,2026-07-18,0.0000
956,2026-07-20,0.0000
957,2026-07-10,0.0000
957,2026-07-11,0.0000
957,2026-07-12,0.0000
957,2026-07-13,0.0000
957,2026-07-14,0.0000
957,2026-07-17,0.0000
957,2026-08-03,0.0000
957,2026-08-07,0.0000
957,2026-08-10,0.0000
957,2026-08-11,0.0000
958,2026-07-10,0.0000
958,2026-07-11,0.0000
958,2026-07-12,0.0000
958,2026-07-13,0.0000
958,2026-07-14,0.0000
958,2026-07-19,0.0000
958,2026-07-21,0.0000
958,2026-08-03,0.0000
959,2026-07-10,0.0000
959,2026-07-11,0.0000
959,2026-07-12,0.0000
959,2026-07-13,0.0000
959,2026-07-16,0.0000
960,2026-07-10,7.5000
960,2026-07-11,0.0000
960,2026-07-12,0.0000
960,2026-07-13,0.0000
960,2026-07-15,0.0000
960,2026-07-18,0.0000
960,2026-07-21,0.0000
960,2026-07-24,0.0000
960,2026-07-29,0.0000
960,2026-08-04,0.0000
961,2026-07-10,0.0000
961,2026-07-11,0.0000
961,2026-07-12,0.0000
961,2026-07-13,0.0000
961,2026-07-18,0.0000
961,2026-07-19,0.0000
961,2026-07-20,0.0000
961,2026-07-21,0.0000
961,2026-07-23,0.0000
961,2026-08-02,0.0000
961,2026-08-04,0.0000
962,2026-07-10,7.5000
962,2026-07-11,21.4286
962,2026-07-12,0.0000
962,2026-07-13,0.0000
962,2026-07-14,0.0000
962,2026-07-16,0.0000
962,2026-07-17,0.0000
962,2026-07-19,0.0000
962,2026-07-20,0.0000
962,2026-07-22,0.0000
962,2026-07-24,0.0000
962,2026-07-28,0.0000
962,2026-08-10,0.0000
962,2026-08-11,0.0000
963,2026-07-10,5.3571
963,2026-07-11,7.5000
963,2026-07-12,0.0000
963,2026-07-13,0.0000
963,2026-07-14,0.0000
963,2026-07-15,0.0000
963,2026-07-16,0.0000
963,2026-07-18,0.0000
963,2026-07-20,0.0000
963,2026-07-23,0.0000
963,2026-07-30,0.0000
963,2026-08-02,0.0000
963,2026-08-07,0.0000
963,2026-08-10,0.0000
965,2026-07-10,0.0000
966,2026-07-10,0.0000
968,2026-07-13,0.0000
968,2026-07-14,0.0000
968,2026-07-15,0.0000
968,2026-07-16,0.0000
968,2026-07-17,0.0000
968,2026-07-18,0.0000
968,2026-07-19,0.0000
968,2026-07-20,0.0000
968,2026-07-21,0.0000
968,2026-07-27,0.0000
968,2026-08-10,0.0000
969,2026-07-13,0.0000
969,2026-07-14,0.0000
969,2026-07-15,0.0000
969,2026-07-17,0.0000
969,2026-07-18,0.0000
969,2026-07-19,0.0000
969,2026-07-20,0.0000
969,2026-08-05,0.0000
970,2026-07-13,0.0000
970,2026-07-14,0.0000
970,2026-07-17,0.0000
970,2026-07-18,0.0000
971,2026-07-11,0.0000
971,2026-07-12,0.0000
971,2026-07-13,0.0000
971,2026-07-14,0.0000
971,2026-07-29,0.0000
971,2026-07-31,0.0000
971,2026-08-07,0.0000
972,2026-07-11,25.0000
972,2026-07-12,0.0000
972,2026-07-13,0.0000
972,2026-07-14,0.0000
972,2026-07-16,0.0000
972,2026-07-17,0.0000
972,2026-07-18,0.0000
973,2026-07-11,6.2500
973,2026-07-12,0.0000
973,2026-07-13,0.0000
973,2026-07-14,0.0000
973,2026-07-15,0.0000
973,2026-07-17,0.0000
973,2026-07-19,0.0000
973,2026-07-20,0.0000
973,2026-07-22,0.0000
973,2026-07-23,0.0000
973,2026-08-05,0.0000
973,2026-08-07,0.0000
973,2026-08-10,0.0000
973,2026-08-11,0.0000
974,2026-07-11,30.0000
974,2026-07-12,0.0000
974,2026-07-13,0.0000
974,2026-07-14,0.0000
974,2026-07-15,0.0000
974,2026-07-19,0.0000
974,2026-07-20,0.0000
974,2026-07-23,0.0000
974,2026-08-06,0.0000
974,2026-08-10,0.0000
975,2026-07-11,0.0000
975,2026-07-12,0.0000
975,2026-07-13,0.0000
975,2026-07-14,0.0000
975,2026-07-15,0.0000
975,2026-07-23,0.0000
975,2026-07-31,0.0000
976,2026-07-11,0.0000
976,2026-07-12,0.0000
976,2026-07-13,0.0000
976,2026-07-14,0.0000
976,2026-07-15,0.0000
976,2026-07-19,0.0000
976,2026-07-21,0.0000
976,2026-07-22,0.0000
976,2026-08-09,0.0000
977,2026-07-11,0.0000
977,2026-07-12,0.0000
977,2026-07-13,0.0000
977,2026-07-14,0.0000
977,2026-07-15,0.0000
977,2026-07-16,0.0000
977,2026-08-04,0.0000
977,2026-08-07,0.0000
977,2026-08-08,0.0000
978,2026-07-11,8.3333
978,2026-07-12,0.0000
978,2026-07-13,0.0000
978,2026-07-14,0.0000
978,2026-07-15,0.0000
978,2026-07-16,0.0000
978,2026-07-18,0.0000
978,2026-07-19,0.0000
978,2026-07-20,0.0000
978,2026-07-21,0.0000
978,2026-07-22,0.0000
978,2026-07-23,0.0000
978,2026-07-24,0.0000
978,2026-07-26,0.0000
978,2026-07-27,0.0000
978,2026-07-30,0.0000
978,2026-07-31,0.0000
978,2026-08-02,0.0000
978,2026-08-08,0.0000
979,2026-07-11,0.0000
979,2026-07-12,0.0000
979,2026-07-13,0.0000
979,2026-07-15,0.0000
979,2026-07-19,0.0000
979,2026-07-20,0.0000
979,2026-07-30,0.0000
980,2026-07-11,0.0000
980,2026-07-12,0.0000
980,2026-07-13,0.0000
980,2026-07-17,0.0000
980,2026-07-18,0.0000
980,2026-07-20,0.0000
981,2026-07-11,34.6154
981,2026-07-12,25.0000
981,2026-07-13,0.0000
981,2026-07-14,0.0000
981,2026-07-15,0.0000
981,2026-07-16,0.0000
981,2026-07-17,0.0000
981,2026-07-18,0.0000
981,2026-07-19,0.0000
981,2026-07-20,0.0000
981,2026-07-21,0.0000
981,2026-07-22,0.0000
981,2026-07-23,0.0000
981,2026-07-26,0.0000
981,2026-07-29,0.0000
981,2026-07-31,0.0000
981,2026-08-02,0.0000
981,2026-08-03,0.0000
981,2026-08-04,0.0000
982,2026-07-11,0.0000
982,2026-07-12,0.0000
982,2026-07-13,0.0000
982,2026-07-19,0.0000
982,2026-07-22,0.0000
982,2026-07-26,0.0000
982,2026-08-10,0.0000
985,2026-07-12,8.8235
985,2026-07-13,0.0000
985,2026-07-14,0.0000
985,2026-07-15,0.0000
985,2026-07-16,0.0000
985,2026-07-18,0.0000
985,2026-07-19,0.0000
985,2026-07-20,0.0000
985,2026-07-31,0.0000
985,2026-08-07,0.0000
985,2026-08-09,0.0000
985,2026-08-10,0.0000
987,2026-07-12,0.0000
987,2026-07-13,0.0000
987,2026-07-14,0.0000
987,2026-07-15,0.0000
987,2026-07-16,37.5000
987,2026-07-19,0.0000
987,2026-07-20,0.0000
987,2026-07-23,0.0000
987,2026-07-27,0.0000
987,2026-07-28,0.0000
987,2026-08-02,0.0000
987,2026-08-07,0.0000
988,2026-07-12,0.0000
988,2026-07-13,0.0000
988,2026-07-14,0.0000
988,2026-07-15,0.0000
988,2026-07-16,0.0000
988,2026-07-17,0.0000
988,2026-07-19,0.0000
988,2026-07-22,0.0000
988,2026-07-28,0.0000
988,2026-07-29,0.0000
988,2026-08-05,0.0000
988,2026-08-07,0.0000
988,2026-08-08,0.0000
988,2026-08-11,0.0000
989,2026-07-13,5.7692
989,2026-07-14,37.5000
989,2026-07-15,0.0000
989,2026-07-17,0.0000
989,2026-07-18,0.0000
989,2026-07-19,0.0000
989,2026-07-23,0.0000
990,2026-07-13,0.0000
990,2026-07-14,0.0000
990,2026-07-15,0.0000
990,2026-07-16,0.0000
990,2026-07-17,0.0000
990,2026-07-18,0.0000
990,2026-07-19,0.0000
990,2026-07-25,0.0000
990,2026-08-02,0.0000
990,2026-08-03,0.0000
990,2026-08-10,0.0000
991,2026-07-13,0.0000
991,2026-07-14,0.0000
991,2026-07-15,0.0000
991,2026-07-16,0.0000
991,2026-07-17,0.0000
991,2026-07-19,0.0000
991,2026-07-23,0.0000
991,2026-07-30,0.0000
991,2026-08-10,75.0000
992,2026-07-13,0.0000
992,2026-07-14,0.0000
992,2026-07-15,0.0000
992,2026-07-16,0.0000
992,2026-07-17,0.0000
992,2026-07-18,0.0000
992,2026-07-19,0.0000
992,2026-07-20,0.0000
992,2026-07-22,0.0000
992,2026-07-23,0.0000
992,2026-07-28,0.0000
993,2026-07-13,4.6875
993,2026-07-14,0.0000
993,2026-07-15,0.0000
993,2026-07-16,0.0000
993,2026-07-17,0.0000
993,2026-07-18,0.0000
993,2026-07-19,0.0000
993,2026-07-20,0.0000
993,2026-07-21,0.0000
993,2026-07-30,0.0000
993,2026-08-02,0.0000
993,2026-08-03,0.0000
993,2026-08-06,0.0000
993,2026-08-07,0.0000
993,2026-08-10,0.0000
994,2026-07-13,0.0000
994,2026-07-14,0.0000
994,2026-07-15,0.0000
994,2026-07-17,0.0000
994,2026-07-18,0.0000
994,2026-07-20,0.0000
994,2026-07-21,0.0000
994,2026-07-24,0.0000
994,2026-07-25,0.0000
994,2026-07-29,0.0000
994,2026-08-04,0.0000
994,2026-08-10,0.0000
995,2026-07-13,0.0000
995,2026-07-14,0.0000
995,2026-07-15,0.0000
995,2026-07-22,0.0000
996,2026-07-13,0.0000
996,2026-07-14,0.0000
996,2026-07-16,0.0000
996,2026-07-17,0.0000
996,2026-07-18,0.0000
996,2026-07-19,0.0000
996,2026-07-20,0.0000
996,2026-07-21,0.0000
996,2026-07-23,0.0000
996,2026-07-26,0.0000
996,2026-07-29,0.0000
996,2026-07-31,0.0000
996,2026-08-01,0.0000
996,2026-08-03,0.0000
996,2026-08-05,0.0000
997,2026-07-13,0.0000
997,2026-07-14,0.0000
997,2026-07-15,0.0000
997,2026-08-04,0.0000
998,2026-07-13,0.0000
998,2026-07-18,0.0000
1001,2026-07-13,0.0000
1001,2026-07-14,0.0000
1001,2026-07-15,0.0000
1001,2026-07-16,0.0000
1001,2026-07-17,0.0000
1001,2026-07-18,0.0000
1001,2026-07-19,0.0000
1001,2026-07-20,0.0000
1001,2026-07-21,0.0000
1001,2026-07-23,0.0000
1001,2026-07-25,0.0000
1001,2026-07-26,0.0000
1001,2026-07-31,0.0000
1001,2026-08-01,0.0000
1001,2026-08-02,0.0000
1001,2026-08-03,0.0000
1001,2026-08-04,0.0000
1001,2026-08-06,0.0000
1002,2026-07-14,0.0000
1002,2026-07-15,0.0000
1002,2026-07-16,0.0000
1002,2026-07-17,0.0000
1002,2026-07-18,0.0000
1002,2026-07-19,0.0000
1002,2026-07-20,0.0000
1002,2026-07-22,0.0000
1002,2026-07-25,0.0000
1002,2026-07-31,0.0000
1002,2026-08-10,0.0000
1003,2026-07-14,0.0000
1003,2026-07-15,0.0000
1003,2026-07-16,0.0000
1003,2026-07-17,0.0000
1003,2026-07-18,0.0000
1003,2026-08-07,0.0000
1004,2026-07-14,0.0000
1004,2026-07-15,0.0000
1004,2026-07-18,0.0000
1004,2026-07-19,0.0000
1004,2026-07-20,0.0000
1004,2026-07-27,0.0000
1005,2026-07-14,0.0000
1005,2026-07-15,0.0000
1005,2026-07-17,0.0000
1005,2026-07-18,0.0000
1005,2026-07-19,0.0000
1005,2026-07-20,0.0000
1005,2026-07-21,0.0000
1005,2026-07-22,0.0000
1005,2026-07-23,0.0000
1005,2026-07-24,0.0000
1005,2026-07-26,0.0000
1005,2026-07-31,0.0000
1005,2026-08-01,0.0000
1005,2026-08-02,0.0000
1005,2026-08-03,0.0000
1005,2026-08-05,0.0000
1005,2026-08-08,0.0000
1005,2026-08-10,0.0000
1005,2026-08-11,75.0000
1006,2026-07-14,0.0000
1006,2026-07-15,0.0000
1006,2026-07-19,0.0000
1006,2026-07-25,0.0000
1008,2026-07-14,9.3750
1008,2026-07-15,0.0000
1008,2026-07-16,0.0000
1008,2026-07-17,0.0000
1008,2026-07-18,0.0000
1008,2026-07-19,0.0000
1008,2026-07-20,0.0000
1008,2026-07-21,0.0000
1008,2026-07-25,0.0000
1008,2026-07-27,0.0000
1008,2026-08-01,0.0000
1008,2026-08-02,0.0000
1008,2026-08-05,0.0000
1008,2026-08-06,0.0000
1008,2026-08-10,0.0000
1009,2026-07-14,5.3571
1009,2026-07-15,18.7500
1009,2026-07-16,0.0000
1009,2026-07-17,0.0000
1009,2026-07-18,0.0000
1009,2026-07-19,0.0000
1009,2026-07-21,0.0000
1009,2026-07-22,0.0000
1009,2026-07-23,0.0000
1009,2026-07-25,0.0000
1009,2026-07-30,0.0000
1009,2026-08-02,0.0000
1009,2026-08-10,0.0000
1010,2026-07-14,0.0000
1010,2026-07-15,0.0000
1010,2026-07-16,0.0000
1010,2026-07-17,0.0000
1010,2026-07-18,0.0000
1010,2026-07-19,0.0000
1010,2026-07-20,0.0000
1010,2026-07-21,0.0000
1010,2026-07-22,0.0000
1010,2026-07-23,0.0000
1010,2026-07-24,0.0000
1010,2026-07-25,0.0000
1010,2026-07-26,0.0000
1010,2026-07-28,0.0000
1010,2026-07-31,0.0000
1010,2026-08-01,0.0000
1010,2026-08-02,0.0000
1010,2026-08-03,0.0000
1011,2026-07-14,4.4118
1011,2026-07-15,25.0000
1011,2026-07-16,75.0000
1011,2026-07-17,0.0000
1011,2026-07-18,0.0000
1011,2026-07-19,0.0000
1011,2026-07-20,0.0000
1011,2026-07-24,0.0000
1011,2026-07-29,0.0000
1011,2026-08-07,0.0000
1013,2026-07-14,0.0000
1013,2026-07-15,0.0000
1013,2026-07-20,0.0000
1013,2026-07-28,0.0000
1013,2026-08-05,0.0000
1014,2026-07-14,0.0000
1014,2026-07-15,0.0000
1015,2026-07-14,0.0000
1015,2026-07-15,0.0000
1015,2026-07-16,0.0000
1015,2026-07-17,0.0000
1015,2026-07-18,0.0000
1015,2026-07-20,0.0000
1015,2026-07-22,0.0000
1015,2026-07-25,0.0000
1015,2026-07-26,0.0000
1015,2026-07-27,0.0000
1015,2026-07-28,0.0000
1015,2026-07-30,0.0000
1015,2026-07-31,0.0000
1015,2026-08-01,0.0000
1015,2026-08-02,0.0000
1015,2026-08-03,0.0000
1015,2026-08-05,0.0000
1015,2026-08-06,0.0000
1015,2026-08-08,0.0000
1094,2026-07-15,11.5385
1094,2026-07-16,0.0000
1094,2026-07-17,0.0000
1094,2026-07-19,0.0000
1094,2026-07-20,0.0000
1094,2026-07-21,0.0000
1094,2026-07-22,0.0000
1094,2026-07-23,0.0000
1094,2026-07-24,0.0000
1094,2026-07-30,0.0000
1094,2026-08-03,0.0000
1095,2026-07-15,0.0000
1095,2026-07-16,0.0000
1095,2026-07-17,75.0000
1095,2026-07-18,0.0000
1095,2026-07-19,0.0000
1095,2026-07-20,0.0000
1095,2026-07-22,0.0000
1095,2026-07-28,0.0000
1096,2026-07-15,0.0000
1096,2026-07-16,0.0000
1096,2026-07-20,0.0000
1096,2026-07-21,0.0000
1097,2026-07-15,9.3750
1097,2026-07-16,0.0000
1097,2026-07-17,0.0000
1097,2026-07-18,0.0000
1097,2026-07-19,0.0000
1097,2026-07-20,0.0000
1097,2026-07-21,0.0000
1097,2026-07-22,0.0000
1097,2026-07-24,0.0000
1097,2026-07-26,0.0000
1097,2026-07-27,0.0000
1097,2026-07-28,0.0000
1097,2026-07-29,0.0000
1097,2026-07-31,0.0000
1097,2026-08-01,0.0000
1097,2026-08-02,0.0000
1097,2026-08-08,0.0000
1097,2026-08-09,0.0000
1098,2026-07-15,0.0000
1098,2026-07-16,0.0000
1098,2026-07-17,0.0000
1098,2026-07-18,0.0000
1098,2026-07-19,0.0000
1098,2026-07-20,0.0000
1098,2026-07-21,0.0000
1098,2026-07-22,0.0000
1098,2026-07-23,0.0000
1098,2026-07-25,0.0000
1098,2026-08-02,0.0000
1099,2026-07-15,0.0000
1099,2026-07-16,0.0000
1099,2026-07-17,0.0000
1100,2026-07-15,0.0000
1100,2026-07-16,0.0000
1101,2026-07-15,0.0000
1101,2026-07-16,0.0000
1101,2026-07-17,0.0000
1101,2026-07-18,0.0000
1101,2026-07-19,0.0000
1101,2026-07-24,0.0000
1101,2026-07-25,0.0000
1101,2026-07-26,0.0000
1101,2026-07-27,0.0000
1101,2026-07-31,0.0000
1101,2026-08-01,0.0000
1101,2026-08-02,0.0000
1101,2026-08-03,0.0000
1101,2026-08-05,0.0000
1102,2026-07-15,0.0000
1102,2026-07-16,0.0000
1102,2026-07-17,0.0000
1102,2026-07-18,0.0000
1102,2026-07-19,0.0000
1102,2026-07-23,0.0000
1103,2026-07-15,0.0000
1103,2026-07-16,0.0000
1103,2026-07-19,0.0000
1104,2026-07-15,0.0000
1104,2026-07-16,0.0000
1104,2026-07-17,0.0000
1105,2026-07-15,15.0000
1105,2026-07-16,0.0000
1105,2026-07-17,0.0000
1105,2026-07-18,0.0000
1105,2026-07-20,0.0000
1105,2026-07-21,0.0000
1105,2026-07-22,0.0000
1105,2026-07-25,0.0000
1105,2026-07-27,0.0000
1105,2026-08-02,0.0000
1105,2026-08-03,0.0000
1105,2026-08-05,0.0000
1105,2026-08-06,0.0000
1105,2026-08-10,0.0000
1106,2026-07-15,4.9286
1106,2026-07-16,18.4000
1106,2026-07-17,0.0000
1106,2026-07-18,0.0000
1106,2026-07-19,0.0000
1106,2026-07-20,0.0000
1106,2026-07-22,0.0000
1106,2026-07-23,0.0000
1106,2026-07-24,0.0000
1106,2026-07-25,0.0000
1106,2026-07-27,0.0000
1106,2026-07-28,0.0000
1106,2026-08-08,0.0000
1106,2026-08-11,0.0000
1107,2026-07-15,1.1800
1107,2026-07-16,6.5556
1107,2026-07-17,0.0000
1107,2026-07-18,0.0000
1107,2026-07-19,0.0000
1107,2026-07-20,0.0000
1107,2026-07-21,0.0000
1107,2026-07-22,0.0000
1107,2026-08-03,0.0000
1107,2026-08-04,0.0000
1107,2026-08-07,0.0000
1108,2026-07-15,7.5000
1108,2026-07-16,0.0000
1108,2026-07-17,18.7500
1108,2026-07-18,0.0000
1108,2026-07-19,0.0000
1108,2026-07-20,0.0000
1108,2026-07-21,0.0000
1108,2026-07-22,0.0000
1108,2026-07-23,0.0000
1108,2026-07-24,0.0000
1108,2026-07-25,0.0000
1108,2026-07-27,75.0000
1108,2026-07-30,0.0000
1108,2026-07-31,0.0000
1108,2026-08-03,0.0000
1108,2026-08-06,0.0000
1108,2026-08-07,0.0000
1108,2026-08-10,0.0000
1109,2026-07-15,7.6667
1109,2026-07-16,0.0000
1109,2026-07-17,0.0000
1109,2026-07-18,0.0000
1109,2026-07-19,0.0000
1109,2026-07-24,0.0000
1109,2026-07-26,0.0000
1109,2026-07-29,0.0000
1109,2026-08-01,0.0000
1109,2026-08-03,0.0000
1109,2026-08-10,0.0000
1110,2026-07-15,23.0000
1110,2026-07-16,0.0000
1110,2026-07-17,0.0000
1110,2026-07-18,0.0000
1110,2026-07-19,0.0000
1110,2026-07-20,0.0000
1110,2026-07-23,0.0000
1110,2026-07-24,0.0000
1110,2026-07-25,0.0000
1110,2026-07-27,0.0000
1110,2026-07-29,0.0000
1110,2026-08-04,0.0000
1110,2026-08-07,0.0000
1252,2026-07-16,18.7500
1252,2026-07-17,0.0000
1252,2026-07-18,0.0000
1252,2026-07-19,0.0000
1252,2026-07-21,0.0000
1252,2026-07-22,0.0000
1252,2026-07-23,0.0000
1252,2026-07-25,0.0000
1252,2026-07-27,0.0000
1252,2026-07-29,0.0000
1252,2026-08-05,0.0000
1252,2026-08-10,0.0000
1253,2026-07-16,0.0000
1253,2026-07-17,0.0000
1253,2026-07-18,0.0000
1253,2026-07-19,0.0000
1253,2026-07-21,0.0000
1253,2026-08-02,0.0000
1254,2026-07-16,0.0000
1254,2026-07-17,75.0000
1254,2026-07-21,0.0000
1255,2026-07-16,0.0000
1255,2026-07-17,0.0000
1255,2026-07-18,0.0000
1255,2026-07-19,0.0000
1255,2026-07-20,0.0000
1255,2026-07-21,0.0000
1255,2026-07-22,0.0000
1255,2026-07-26,0.0000
1255,2026-08-04,0.0000
1255,2026-08-07,0.0000
1256,2026-07-16,0.0000
1256,2026-07-17,0.0000
1256,2026-07-18,0.0000
1256,2026-07-19,0.0000
1256,2026-07-20,0.0000
1256,2026-07-21,59.0000
1256,2026-07-27,0.0000
1256,2026-07-29,0.0000
1256,2026-08-01,0.0000
1256,2026-08-02,0.0000
1256,2026-08-03,0.0000
1257,2026-07-16,5.3636
1257,2026-07-17,0.0000
1257,2026-07-18,0.0000
1257,2026-07-19,0.0000
1257,2026-07-20,0.0000
1257,2026-07-22,0.0000
1257,2026-07-23,0.0000
1257,2026-08-01,0.0000
1257,2026-08-02,0.0000
1257,2026-08-03,0.0000
1257,2026-08-04,0.0000
1257,2026-08-10,0.0000
1258,2026-07-16,0.0000
1258,2026-07-17,0.0000
1258,2026-07-18,0.0000
1258,2026-07-19,0.0000
1258,2026-07-20,0.0000
1258,2026-07-21,0.0000
1258,2026-07-22,0.0000
1258,2026-07-26,0.0000
1258,2026-08-03,0.0000
1258,2026-08-05,0.0000
1258,2026-08-10,0.0000
1259,2026-07-16,10.7143
1259,2026-07-17,0.0000
1259,2026-07-18,0.0000
1259,2026-07-19,0.0000
1259,2026-07-20,0.0000
1259,2026-07-21,0.0000
1259,2026-07-31,0.0000
1259,2026-08-03,0.0000
1259,2026-08-04,0.0000
1259,2026-08-10,0.0000
1260,2026-07-16,18.7500
1260,2026-07-17,0.0000
1260,2026-07-18,0.0000
1260,2026-07-19,0.0000
1260,2026-07-20,0.0000
1260,2026-07-21,0.0000
1260,2026-07-22,0.0000
1260,2026-07-23,0.0000
1260,2026-07-25,0.0000
1260,2026-07-27,0.0000
1260,2026-07-30,0.0000
1260,2026-07-31,0.0000
1260,2026-08-05,0.0000
1260,2026-08-10,0.0000
1261,2026-07-16,6.5217
1261,2026-07-17,0.0000
1261,2026-07-18,0.0000
1261,2026-07-19,0.0000
1261,2026-07-20,0.0000
1261,2026-07-21,0.0000
1261,2026-07-22,0.0000
1261,2026-07-24,0.0000
1261,2026-07-25,0.0000
1261,2026-07-28,0.0000
1261,2026-07-30,0.0000
1261,2026-07-31,0.0000
1261,2026-08-06,0.0000
1261,2026-08-08,0.0000
1262,2026-07-16,0.0000
1262,2026-07-17,46.0000
1262,2026-07-18,0.0000
1262,2026-07-19,0.0000
1262,2026-07-20,0.0000
1262,2026-07-21,0.0000
1262,2026-07-23,0.0000
1262,2026-07-24,0.0000
1262,2026-07-25,0.0000
1262,2026-07-28,0.0000
1262,2026-07-29,0.0000
1262,2026-08-08,0.0000
1262,2026-08-11,0.0000
1263,2026-07-16,0.0000
1263,2026-07-17,15.3333
1263,2026-07-18,0.0000
1263,2026-07-19,0.0000
1263,2026-07-23,0.0000
1263,2026-07-24,0.0000
1263,2026-07-27,0.0000
1263,2026-07-28,0.0000
1263,2026-07-30,0.0000
1263,2026-07-31,0.0000
1263,2026-08-01,0.0000
1263,2026-08-06,0.0000
1263,2026-08-08,0.0000
1264,2026-07-16,6.5714
1264,2026-07-17,0.0000
1264,2026-07-18,0.0000
1264,2026-07-21,0.0000
1264,2026-07-23,0.0000
1264,2026-07-24,0.0000
1264,2026-07-25,0.0000
1264,2026-07-26,0.0000
1264,2026-07-27,0.0000
1264,2026-07-28,0.0000
1264,2026-08-03,0.0000
1265,2026-07-16,0.0000
1265,2026-07-17,0.0000
1265,2026-07-18,0.0000
1265,2026-07-21,0.0000
1265,2026-07-24,0.0000
1265,2026-07-25,0.0000
1265,2026-08-01,0.0000
1265,2026-08-02,0.0000
1266,2026-07-16,0.0000
1266,2026-07-17,0.0000
1266,2026-07-19,0.0000
1266,2026-07-20,0.0000
1266,2026-07-22,0.0000
1266,2026-07-23,0.0000
1266,2026-07-24,0.0000
1266,2026-07-25,0.0000
1266,2026-07-26,0.0000
1266,2026-07-29,0.0000
1267,2026-07-16,0.0000
1267,2026-07-17,0.0000
1267,2026-07-18,0.0000
1267,2026-07-19,0.0000
1267,2026-07-24,0.0000
1267,2026-07-26,0.0000
1267,2026-07-27,0.0000
1267,2026-07-28,0.0000
1267,2026-07-31,0.0000
1267,2026-08-10,0.0000
1275,2026-07-17,6.8182
1275,2026-07-18,10.7143
1275,2026-07-19,75.0000
1275,2026-07-20,0.0000
1275,2026-07-21,0.0000
1275,2026-07-22,0.0000
1275,2026-07-23,0.0000
1275,2026-07-24,0.0000
1275,2026-07-25,0.0000
1275,2026-07-26,0.0000
1275,2026-07-27,0.0000
1275,2026-07-28,0.0000
1275,2026-07-31,0.0000
1275,2026-08-03,0.0000
1275,2026-08-10,75.0000
1276,2026-07-17,0.0000
1276,2026-07-18,0.0000
1276,2026-07-19,0.0000
1276,2026-07-20,0.0000
1276,2026-07-21,0.0000
1276,2026-07-22,0.0000
1276,2026-07-23,0.0000
1276,2026-07-24,0.0000
1276,2026-07-25,0.0000
1276,2026-07-26,0.0000
1276,2026-07-27,0.0000
1276,2026-07-31,0.0000
1276,2026-08-03,0.0000
1276,2026-08-04,0.0000
1276,2026-08-05,0.0000
1276,2026-08-07,0.0000
1277,2026-07-17,4.3810
1277,2026-07-18,0.0000
1277,2026-07-19,0.0000
1277,2026-07-20,0.0000
1277,2026-07-21,0.0000
1277,2026-07-22,0.0000
1277,2026-07-23,0.0000
1277,2026-07-26,0.0000
1277,2026-07-27,0.0000
1277,2026-07-28,0.0000
1277,2026-07-31,0.0000
1277,2026-08-01,0.0000
1277,2026-08-02,0.0000
1277,2026-08-03,0.0000
1277,2026-08-04,0.0000
1277,2026-08-07,0.0000
1277,2026-08-08,0.0000
1277,2026-08-10,0.0000
1278,2026-07-17,0.0000
1278,2026-07-18,0.0000
1278,2026-07-19,0.0000
1278,2026-07-20,0.0000
1278,2026-07-21,0.0000
1278,2026-07-22,0.0000
1278,2026-07-23,0.0000
1278,2026-07-24,0.0000
1278,2026-07-25,0.0000
1278,2026-07-28,0.0000
1278,2026-07-31,0.0000
1278,2026-08-06,0.0000
1279,2026-07-17,4.6875
1279,2026-07-18,0.0000
1279,2026-07-19,0.0000
1279,2026-07-20,75.0000
1279,2026-07-21,0.0000
1279,2026-07-22,0.0000
1279,2026-07-23,0.0000
1279,2026-07-24,0.0000
1279,2026-07-25,0.0000
1279,2026-07-27,0.0000
1279,2026-08-03,0.0000
1279,2026-08-09,0.0000
1280,2026-07-17,0.0000
1280,2026-07-18,0.0000
1280,2026-07-19,0.0000
1280,2026-07-20,0.0000
1280,2026-07-21,0.0000
1280,2026-07-22,0.0000
1280,2026-07-23,0.0000
1280,2026-08-01,0.0000
1280,2026-08-07,0.0000
1281,2026-07-17,0.0000
1281,2026-07-18,0.0000
1281,2026-08-04,0.0000
1282,2026-07-17,0.0000
1282,2026-07-18,0.0000
1282,2026-07-20,0.0000
1282,2026-08-01,0.0000
1283,2026-07-17,0.0000
1283,2026-07-18,15.3333
1283,2026-07-19,0.0000
1283,2026-07-20,46.0000
1283,2026-07-21,0.0000
1283,2026-07-23,0.0000
1283,2026-07-24,0.0000
1283,2026-07-25,46.0000
1283,2026-07-26,0.0000
1283,2026-07-27,0.0000
1283,2026-07-28,0.0000
1283,2026-07-30,0.0000
1283,2026-08-03,0.0000
1283,2026-08-07,0.0000
1283,2026-08-08,0.0000
1283,2026-08-11,0.0000
1284,2026-07-17,0.0000
1284,2026-07-18,0.0000
1284,2026-07-20,0.0000
1284,2026-07-28,0.0000
1285,2026-07-17,0.0000
1285,2026-07-18,0.0000
1285,2026-07-23,0.0000
1286,2026-07-17,5.1111
1286,2026-07-18,0.0000
1286,2026-07-19,0.0000
1286,2026-07-20,0.0000
1286,2026-07-21,0.0000
1286,2026-07-22,0.0000
1286,2026-07-24,0.0000
1286,2026-07-26,0.0000
1286,2026-07-27,0.0000
1286,2026-07-28,0.0000
1286,2026-07-29,0.0000
1286,2026-07-30,0.0000
1286,2026-08-04,0.0000
1286,2026-08-08,0.0000
1286,2026-08-09,0.0000
1287,2026-07-17,3.2857
1287,2026-07-18,0.0000
1287,2026-07-19,0.0000
1287,2026-07-20,0.0000
1287,2026-07-21,0.0000
1287,2026-07-22,0.0000
1287,2026-07-23,0.0000
1287,2026-07-24,0.0000
1287,2026-07-25,0.0000
1287,2026-07-26,0.0000
1287,2026-07-27,0.0000
1287,2026-07-28,0.0000
1287,2026-07-29,0.0000
1287,2026-07-30,0.0000
1287,2026-07-31,0.0000
1287,2026-08-01,0.0000
1288,2026-07-17,5.1111
1288,2026-07-18,23.0000
1288,2026-07-19,0.0000
1288,2026-07-20,0.0000
1288,2026-07-21,0.0000
1288,2026-07-23,0.0000
1288,2026-07-24,0.0000
1288,2026-07-26,0.0000
1288,2026-07-27,0.0000
1288,2026-07-28,0.0000
1288,2026-07-29,0.0000
1288,2026-07-30,0.0000
1288,2026-08-01,0.0000
1288,2026-08-02,0.0000
1288,2026-08-03,0.0000
1288,2026-08-04,46.0000
1288,2026-08-05,0.0000
1288,2026-08-09,0.0000
1288,2026-08-10,0.0000
1289,2026-07-17,9.2000
1289,2026-07-18,0.0000
1289,2026-07-19,0.0000
1289,2026-07-20,0.0000
1289,2026-07-21,0.0000
1289,2026-07-22,46.0000
1289,2026-07-23,0.0000
1289,2026-07-25,0.0000
1289,2026-07-27,0.0000
1289,2026-07-28,0.0000
1289,2026-07-29,0.0000
1289,2026-07-30,0.0000
1289,2026-07-31,0.0000
1289,2026-08-04,0.0000
1289,2026-08-06,0.0000
1289,2026-08-10,0.0000
1325,2026-07-17,0.0000
1325,2026-07-18,0.0000
1325,2026-07-19,0.0000
1325,2026-07-20,0.0000
1325,2026-07-21,0.0000
1325,2026-07-22,0.0000
1325,2026-07-23,0.0000
1325,2026-07-24,0.0000
1325,2026-07-25,0.0000
1325,2026-07-26,0.0000
1325,2026-07-27,0.0000
1325,2026-07-30,0.0000
1325,2026-08-01,0.0000
1325,2026-08-02,0.0000
1325,2026-08-03,0.0000
1325,2026-08-06,0.0000
1325,2026-08-07,0.0000
1325,2026-08-08,0.0000
1325,2026-08-09,0.0000
1325,2026-08-10,0.0000
1326,2026-07-18,5.3571
1326,2026-07-19,30.0000
1326,2026-07-20,37.5000
1326,2026-07-21,0.0000
1326,2026-07-22,0.0000
1326,2026-07-23,0.0000
1326,2026-07-24,0.0000
1326,2026-07-25,0.0000
1326,2026-07-26,0.0000
1326,2026-07-30,0.0000
1326,2026-08-04,0.0000
1326,2026-08-05,0.0000
1327,2026-07-18,2.5000
1327,2026-07-19,0.0000
1327,2026-07-20,18.7500
1327,2026-07-21,37.5000
1327,2026-07-22,0.0000
1327,2026-07-23,0.0000
1327,2026-07-24,0.0000
1327,2026-07-25,0.0000
1327,2026-07-26,0.0000
1327,2026-07-28,0.0000
1327,2026-07-30,0.0000
1327,2026-07-31,0.0000
1327,2026-08-03,0.0000
1327,2026-08-09,0.0000
1327,2026-08-10,0.0000
1328,2026-07-18,4.6000
1328,2026-07-19,18.4000
1328,2026-07-20,0.0000
1328,2026-07-21,0.0000
1328,2026-07-22,0.0000
1328,2026-07-23,0.0000
1328,2026-07-25,0.0000
1328,2026-07-27,0.0000
1328,2026-07-28,0.0000
1328,2026-07-29,0.0000
1328,2026-07-31,0.0000
1328,2026-08-01,0.0000
1328,2026-08-02,0.0000
1328,2026-08-03,0.0000
1328,2026-08-11,0.0000
1329,2026-07-18,7.5000
1329,2026-07-19,0.0000
1329,2026-07-20,0.0000
1329,2026-07-21,0.0000
1329,2026-07-22,0.0000
1329,2026-07-23,0.0000
1329,2026-07-24,0.0000
1329,2026-07-25,0.0000
1329,2026-07-26,0.0000
1329,2026-07-27,0.0000
1329,2026-07-28,0.0000
1329,2026-07-29,0.0000
1329,2026-07-30,0.0000
1329,2026-07-31,0.0000
1329,2026-08-01,0.0000
1330,2026-07-18,0.0000
1330,2026-07-19,0.0000
1330,2026-07-20,0.0000
1330,2026-07-21,0.0000
1330,2026-07-30,0.0000
1331,2026-07-18,37.5000
1331,2026-07-19,0.0000
1331,2026-07-21,75.0000
1331,2026-07-27,0.0000
1332,2026-07-18,0.0000
1332,2026-07-19,0.0000
1332,2026-07-20,0.0000
1332,2026-07-21,0.0000
1332,2026-07-22,0.0000
1332,2026-07-24,0.0000
1332,2026-07-26,0.0000
1332,2026-07-31,0.0000
1332,2026-08-03,0.0000
1332,2026-08-04,0.0000
1332,2026-08-05,0.0000
1332,2026-08-08,0.0000
1333,2026-07-18,0.0000
1333,2026-07-19,0.0000
1333,2026-07-20,0.0000
1333,2026-07-22,0.0000
1333,2026-07-23,0.0000
1333,2026-07-29,0.0000
1334,2026-07-18,0.0000
1334,2026-07-19,0.0000
1334,2026-07-23,0.0000
1335,2026-07-18,5.1111
1335,2026-07-19,0.0000
1335,2026-07-20,0.0000
1335,2026-07-21,0.0000
1335,2026-07-22,0.0000
1335,2026-07-24,0.0000
1335,2026-07-27,0.0000
1335,2026-07-31,0.0000
1335,2026-08-01,0.0000
1335,2026-08-02,0.0000
1335,2026-08-03,0.0000
1335,2026-08-06,0.0000
1335,2026-08-07,0.0000
1335,2026-08-11,0.0000
1336,2026-07-18,0.0000
1336,2026-07-19,0.0000
1336,2026-08-01,0.0000
1336,2026-08-04,0.0000
1337,2026-07-18,0.0000
1337,2026-07-19,0.0000
1337,2026-07-20,0.0000
1337,2026-07-22,0.0000
1337,2026-07-29,0.0000
1338,2026-07-18,4.6000
1338,2026-07-19,0.0000
1338,2026-07-20,0.0000
1338,2026-07-21,0.0000
1338,2026-07-22,0.0000
1338,2026-07-23,0.0000
1338,2026-07-24,0.0000
1338,2026-07-26,0.0000
1338,2026-07-27,0.0000
1338,2026-07-28,0.0000
1338,2026-07-29,0.0000
1338,2026-07-30,0.0000
1338,2026-08-03,0.0000
1338,2026-08-08,0.0000
1338,2026-08-09,0.0000
1338,2026-08-11,0.0000
1339,2026-07-18,0.0000
1339,2026-07-19,46.0000
1339,2026-07-26,0.0000
1341,2026-07-18,8.8235
1341,2026-07-19,15.0000
1341,2026-07-20,0.0000
1341,2026-07-21,0.0000
1341,2026-07-22,0.0000
1341,2026-07-23,0.0000
1341,2026-07-24,0.0000
1341,2026-07-25,0.0000
1341,2026-07-26,0.0000
1341,2026-07-28,0.0000
1341,2026-07-29,0.0000
1341,2026-07-30,0.0000
1341,2026-07-31,0.0000
1341,2026-08-02,0.0000
1341,2026-08-03,0.0000
1341,2026-08-06,0.0000
1341,2026-08-07,0.0000
1341,2026-08-08,0.0000
1341,2026-08-11,0.0000
1342,2026-07-18,6.8182
1342,2026-07-19,0.0000
1342,2026-07-20,0.0000
1342,2026-07-21,0.0000
1342,2026-07-22,0.0000
1342,2026-07-23,0.0000
1342,2026-07-24,0.0000
1342,2026-07-25,0.0000
1342,2026-07-26,0.0000
1342,2026-07-28,0.0000
1342,2026-07-29,0.0000
1342,2026-08-06,0.0000
1342,2026-08-09,0.0000
1342,2026-08-10,0.0000
1343,2026-07-18,20.9091
1343,2026-07-19,0.0000
1343,2026-07-20,15.3333
1343,2026-07-21,0.0000
1343,2026-07-22,46.0000
1343,2026-07-23,0.0000
1343,2026-07-24,0.0000
1343,2026-07-25,0.0000
1343,2026-07-27,0.0000
1343,2026-07-29,0.0000
1343,2026-07-30,0.0000
1343,2026-07-31,0.0000
1343,2026-08-01,0.0000
1343,2026-08-04,0.0000
1343,2026-08-10,0.0000
1344,2026-07-18,4.1818
1344,2026-07-19,0.0000
1344,2026-07-20,0.0000
1344,2026-07-21,0.0000
1344,2026-07-22,0.0000
1344,2026-07-23,0.0000
1344,2026-07-24,0.0000
1344,2026-07-25,0.0000
1344,2026-07-26,0.0000
1344,2026-07-30,0.0000
1344,2026-08-01,0.0000
1344,2026-08-02,0.0000
1344,2026-08-05,0.0000
1345,2026-07-18,10.7143
1345,2026-07-19,0.0000
1345,2026-07-20,0.0000
1345,2026-07-21,300.0000
1345,2026-07-22,0.0000
1345,2026-07-24,0.0000
1345,2026-07-25,0.0000
1345,2026-07-28,0.0000
1345,2026-08-02,0.0000
1345,2026-08-08,0.0000
1345,2026-08-09,0.0000
1345,2026-08-10,0.0000
1346,2026-07-18,0.0000
1346,2026-07-19,0.0000
1346,2026-07-20,0.0000
1346,2026-07-21,0.0000
1346,2026-07-22,150.0000
1346,2026-07-23,0.0000
1346,2026-07-24,0.0000
1346,2026-07-29,0.0000
1346,2026-07-30,0.0000
1346,2026-08-10,0.0000
1347,2026-07-20,5.1111
1347,2026-07-21,9.2000
1347,2026-07-22,0.0000
1347,2026-07-23,0.0000
1347,2026-07-24,0.0000
1347,2026-07-25,0.0000
1347,2026-07-27,0.0000
1347,2026-07-29,0.0000
1347,2026-07-30,0.0000
1347,2026-07-31,0.0000
1347,2026-08-01,0.0000
1347,2026-08-07,0.0000
1348,2026-07-20,0.0000
1348,2026-08-01,0.0000
1348,2026-08-05,0.0000
1348,2026-08-06,0.0000
1349,2026-07-20,0.0000
1349,2026-07-22,0.0000
1350,2026-07-20,75.0000
1350,2026-07-21,0.0000
1350,2026-07-22,0.0000
1350,2026-07-23,0.0000
1350,2026-07-24,0.0000
1350,2026-07-25,0.0000
1350,2026-07-26,0.0000
1350,2026-07-27,0.0000
1350,2026-07-28,0.0000
1350,2026-08-01,0.0000
1350,2026-08-03,0.0000
1350,2026-08-04,0.0000
1350,2026-08-06,0.0000
1350,2026-08-09,0.0000
1350,2026-08-10,0.0000
1350,2026-08-11,0.0000
1351,2026-07-20,0.0000
1351,2026-07-21,0.0000
1351,2026-07-22,0.0000
1351,2026-07-23,75.0000
1351,2026-07-24,0.0000
1351,2026-07-25,0.0000
1351,2026-07-26,0.0000
1351,2026-07-30,0.0000
1352,2026-07-20,0.0000
1353,2026-07-20,0.0000
1353,2026-07-21,21.4286
1353,2026-07-22,0.0000
1353,2026-07-23,0.0000
1353,2026-07-24,0.0000
1353,2026-07-25,0.0000
1353,2026-07-26,0.0000
1353,2026-07-27,0.0000
1353,2026-07-28,0.0000
1353,2026-07-30,0.0000
1353,2026-08-06,0.0000
1353,2026-08-07,0.0000
1353,2026-08-10,0.0000
1354,2026-07-20,0.0000
1354,2026-07-21,0.0000
1354,2026-07-22,0.0000
1354,2026-07-23,0.0000
1354,2026-07-25,0.0000
1354,2026-07-26,0.0000
1354,2026-07-27,0.0000
1355,2026-07-20,0.0000
1357,2026-07-20,0.0000
1357,2026-07-21,0.0000
1357,2026-07-22,0.0000
1357,2026-07-23,0.0000
1357,2026-07-24,0.0000
1357,2026-07-26,0.0000
1357,2026-07-28,0.0000
1357,2026-07-29,0.0000
1357,2026-07-30,0.0000
1357,2026-08-02,0.0000
1357,2026-08-04,0.0000
1357,2026-08-05,0.0000
1357,2026-08-08,0.0000
1357,2026-08-10,0.0000
1357,2026-08-11,0.0000
1358,2026-07-20,7.0313
1358,2026-07-21,0.0000
1358,2026-07-22,75.0000
1358,2026-07-23,0.0000
1358,2026-07-24,0.0000
1358,2026-07-25,0.0000
1358,2026-07-26,0.0000
1358,2026-07-27,0.0000
1358,2026-07-28,0.0000
1358,2026-08-02,75.0000
1358,2026-08-04,0.0000
1358,2026-08-06,0.0000
1358,2026-08-08,0.0000
1358,2026-08-09,0.0000
1359,2026-07-20,15.3333
1359,2026-07-21,46.0000
1359,2026-07-22,0.0000
1359,2026-07-23,0.0000
1359,2026-07-25,0.0000
1359,2026-07-26,0.0000
1359,2026-07-27,0.0000
1359,2026-07-29,0.0000
1359,2026-07-30,0.0000
1359,2026-08-02,0.0000
1359,2026-08-04,0.0000
1360,2026-07-20,2.5862
1360,2026-07-21,0.0000
1360,2026-07-22,0.0000
1360,2026-07-23,0.0000
1360,2026-07-24,0.0000
1360,2026-07-25,0.0000
1360,2026-07-26,0.0000
1360,2026-07-27,75.0000
1360,2026-07-28,0.0000
1360,2026-07-29,0.0000
1360,2026-07-30,0.0000
1360,2026-07-31,0.0000
1360,2026-08-01,0.0000
1360,2026-08-02,0.0000
1360,2026-08-04,0.0000
1360,2026-08-06,0.0000
1360,2026-08-07,0.0000
1360,2026-08-08,0.0000
1360,2026-08-11,0.0000
1361,2026-07-20,13.6364
1361,2026-07-21,15.0000
1361,2026-07-22,0.0000
1361,2026-07-23,0.0000
1361,2026-07-24,0.0000
1361,2026-07-25,0.0000
1361,2026-07-26,0.0000
1361,2026-07-27,0.0000
1361,2026-07-29,0.0000
1361,2026-07-30,0.0000
1361,2026-08-01,0.0000
1361,2026-08-05,0.0000
1361,2026-08-07,0.0000
1362,2026-07-20,3.2857
1362,2026-07-21,11.5000
1362,2026-07-22,0.0000
1362,2026-07-23,0.0000
1362,2026-07-24,0.0000
1362,2026-07-25,0.0000
1362,2026-07-26,0.0000
1362,2026-07-27,46.0000
1362,2026-07-28,0.0000
1362,2026-07-30,0.0000
1362,2026-08-01,0.0000
1362,2026-08-02,0.0000
1362,2026-08-03,0.0000
1362,2026-08-04,0.0000
1362,2026-08-10,0.0000
1362,2026-08-11,0.0000
1363,2026-07-20,30.6667
1363,2026-07-21,0.0000
1363,2026-07-22,0.0000
1363,2026-07-23,0.0000
1363,2026-07-25,0.0000
1363,2026-07-27,0.0000
1363,2026-07-28,0.0000
1363,2026-07-29,0.0000
1363,2026-08-02,0.0000
1363,2026-08-07,0.0000
1363,2026-08-09,0.0000
1364,2026-07-20,6.2727
1364,2026-07-21,0.0000
1364,2026-07-22,0.0000
1364,2026-07-23,0.0000
1364,2026-07-24,0.0000
1364,2026-07-25,0.0000
1364,2026-07-26,0.0000
1364,2026-07-28,0.0000
1364,2026-07-31,0.0000
1364,2026-08-01,0.0000
1364,2026-08-02,0.0000
1364,2026-08-03,0.0000
1364,2026-08-06,0.0000
1364,2026-08-07,0.0000
1364,2026-08-08,0.0000
1364,2026-08-10,0.0000
1364,2026-08-11,0.0000
1367,2026-07-21,12.5000
1367,2026-07-22,0.0000
1367,2026-07-23,0.0000
1367,2026-07-24,0.0000
1367,2026-07-25,0.0000
1367,2026-07-26,75.0000
1367,2026-07-27,0.0000
1367,2026-07-28,0.0000
1367,2026-07-29,0.0000
1367,2026-07-30,0.0000
1367,2026-07-31,0.0000
1367,2026-08-01,0.0000
1367,2026-08-02,0.0000
1367,2026-08-03,0.0000
1367,2026-08-06,0.0000
1367,2026-08-07,0.0000
1367,2026-08-10,0.0000
1367,2026-08-11,0.0000
1368,2026-07-21,0.0000
1368,2026-07-22,0.0000
1368,2026-07-23,0.0000
1368,2026-07-24,0.0000
1368,2026-07-28,0.0000
1368,2026-07-30,0.0000
1368,2026-08-04,0.0000
1368,2026-08-10,0.0000
1369,2026-07-21,37.5000
1369,2026-07-22,0.0000
1369,2026-07-24,0.0000
1369,2026-07-28,0.0000
1369,2026-07-29,0.0000
1369,2026-07-30,0.0000
1369,2026-08-01,0.0000
1369,2026-08-10,0.0000
1370,2026-07-21,0.0000
1370,2026-07-22,0.0000
1370,2026-07-23,0.0000
1370,2026-07-24,0.0000
1370,2026-07-25,0.0000
1370,2026-07-26,46.0000
1370,2026-07-27,0.0000
1370,2026-07-28,0.0000
1370,2026-07-29,0.0000
1370,2026-07-30,0.0000
1370,2026-08-02,0.0000
1370,2026-08-03,0.0000
1370,2026-08-05,0.0000
1371,2026-07-21,0.0000
1371,2026-07-22,0.0000
1371,2026-07-23,0.0000
1371,2026-07-26,0.0000
1371,2026-07-27,0.0000
1372,2026-07-21,0.0000
1372,2026-07-22,0.0000
1372,2026-07-23,0.0000
1372,2026-07-30,0.0000
1372,2026-08-04,0.0000
1373,2026-07-21,0.0000
1373,2026-07-22,0.0000
1373,2026-07-23,0.0000
1373,2026-07-24,0.0000
1373,2026-07-25,0.0000
1373,2026-07-26,0.0000
1373,2026-07-28,0.0000
1373,2026-07-29,0.0000
1373,2026-07-30,0.0000
1373,2026-08-01,0.0000
1373,2026-08-02,0.0000
1373,2026-08-07,0.0000
1373,2026-08-10,0.0000
1374,2026-07-21,0.0000
1374,2026-07-22,0.0000
1374,2026-07-23,0.0000
1374,2026-07-27,0.0000
1374,2026-07-31,0.0000
1375,2026-07-21,0.0000
1375,2026-07-22,0.0000
1375,2026-07-23,0.0000
1375,2026-07-31,0.0000
1376,2026-07-21,0.0000
1376,2026-07-22,46.0000
1376,2026-07-23,0.0000
1376,2026-07-24,0.0000
1376,2026-07-25,0.0000
1376,2026-07-28,0.0000
1376,2026-07-31,0.0000
1376,2026-08-01,0.0000
1376,2026-08-02,0.0000
1376,2026-08-03,0.0000
1376,2026-08-04,0.0000
1376,2026-08-11,0.0000
1377,2026-07-21,0.0000
1377,2026-07-22,0.0000
1377,2026-07-23,0.0000
1377,2026-07-24,0.0000
1377,2026-07-25,0.0000
1377,2026-07-26,0.0000
1377,2026-07-28,0.0000
1377,2026-07-30,0.0000
1377,2026-07-31,0.0000
1377,2026-08-01,0.0000
1377,2026-08-02,0.0000
1377,2026-08-03,0.0000
1377,2026-08-07,0.0000
1377,2026-08-08,0.0000
1378,2026-07-21,12.0968
1378,2026-07-22,0.0000
1378,2026-07-23,0.0000
1378,2026-07-24,0.0000
1378,2026-07-25,75.0000
1378,2026-07-26,0.0000
1378,2026-07-27,0.0000
1378,2026-07-28,0.0000
1378,2026-07-30,0.0000
1378,2026-07-31,0.0000
1378,2026-08-02,0.0000
1378,2026-08-03,0.0000
1378,2026-08-04,0.0000
1378,2026-08-06,0.0000
1378,2026-08-08,0.0000
1378,2026-08-10,0.0000
1378,2026-08-11,0.0000
1379,2026-07-21,18.7500
1379,2026-07-22,0.0000
1379,2026-07-26,0.0000
1379,2026-08-06,0.0000
1380,2026-07-21,0.0000
1380,2026-07-22,37.5000
1380,2026-07-23,0.0000
1380,2026-07-24,0.0000
1380,2026-07-25,0.0000
1380,2026-07-26,0.0000
1380,2026-07-28,0.0000
1380,2026-07-29,0.0000
1380,2026-07-31,0.0000
1380,2026-08-03,0.0000
1380,2026-08-06,0.0000
1380,2026-08-07,0.0000
1380,2026-08-08,0.0000
1380,2026-08-10,0.0000
1383,2026-07-21,6.5714
1383,2026-07-22,0.0000
1383,2026-07-23,0.0000
1383,2026-07-24,0.0000
1383,2026-07-25,0.0000
1383,2026-07-27,0.0000
1383,2026-07-28,0.0000
1383,2026-07-30,0.0000
1383,2026-08-01,0.0000
1383,2026-08-02,0.0000
1383,2026-08-04,0.0000
1383,2026-08-05,0.0000
1383,2026-08-10,0.0000
1392,2026-07-21,0.0000
1392,2026-07-22,0.0000
1392,2026-07-23,0.0000
1392,2026-07-24,0.0000
1392,2026-07-25,0.0000
1392,2026-07-26,0.0000
1392,2026-07-27,0.0000
1392,2026-07-28,0.0000
1392,2026-08-01,0.0000
1393,2026-07-21,0.0000
1393,2026-07-22,75.0000
1393,2026-07-23,0.0000
1393,2026-07-24,0.0000
1393,2026-07-25,0.0000
1393,2026-07-26,0.0000
1393,2026-07-27,0.0000
1393,2026-07-31,0.0000
1393,2026-08-04,0.0000
1393,2026-08-10,0.0000
1394,2026-07-21,13.6364
1394,2026-07-22,37.5000
1394,2026-07-23,0.0000
1394,2026-07-24,0.0000
1394,2026-07-25,0.0000
1394,2026-07-26,0.0000
1394,2026-07-28,0.0000
1394,2026-07-29,0.0000
1394,2026-07-30,0.0000
1394,2026-08-01,0.0000
1394,2026-08-04,0.0000
1394,2026-08-07,0.0000
1394,2026-08-10,0.0000
1395,2026-07-21,0.0000
1395,2026-07-22,37.5000
1395,2026-07-23,0.0000
1395,2026-07-24,0.0000
1395,2026-07-25,0.0000
1395,2026-07-26,0.0000
1395,2026-07-27,0.0000
1395,2026-07-29,0.0000
1395,2026-07-30,0.0000
1395,2026-07-31,0.0000
1395,2026-08-01,0.0000
1395,2026-08-02,0.0000
1395,2026-08-03,0.0000
1395,2026-08-06,0.0000
1395,2026-08-08,0.0000
1395,2026-08-09,0.0000
1395,2026-08-11,0.0000
1396,2026-07-22,7.8947
1396,2026-07-23,0.0000
1396,2026-07-24,37.5000
1396,2026-07-25,0.0000
1396,2026-07-26,0.0000
1396,2026-07-27,0.0000
1396,2026-07-28,0.0000
1396,2026-07-29,0.0000
1396,2026-07-30,0.0000
1396,2026-07-31,0.0000
1396,2026-08-02,0.0000
1396,2026-08-03,0.0000
1396,2026-08-08,0.0000
1396,2026-08-09,0.0000
1397,2026-07-22,11.5000
1397,2026-07-23,0.0000
1397,2026-07-24,0.0000
1397,2026-07-25,0.0000
1397,2026-07-26,0.0000
1397,2026-07-27,0.0000
1397,2026-07-28,0.0000
1397,2026-07-30,0.0000
1397,2026-08-02,0.0000
1397,2026-08-03,0.0000
1397,2026-08-10,0.0000
1398,2026-07-22,5.5556
1398,2026-07-23,75.0000
1398,2026-07-24,0.0000
1398,2026-07-25,0.0000
1398,2026-07-27,0.0000
1398,2026-07-28,0.0000
1398,2026-07-29,0.0000
1398,2026-07-30,0.0000
1398,2026-08-06,0.0000
1398,2026-08-11,0.0000
1399,2026-07-22,10.0000
1399,2026-07-23,0.0000
1399,2026-07-24,0.0000
1399,2026-07-25,0.0000
1399,2026-07-26,150.0000
1399,2026-07-27,0.0000
1399,2026-07-28,0.0000
1399,2026-07-31,0.0000
1399,2026-08-01,0.0000
1399,2026-08-09,0.0000
1399,2026-08-10,0.0000
1403,2026-07-22,18.7500
1403,2026-07-23,0.0000
1403,2026-07-24,0.0000
1403,2026-07-25,0.0000
1403,2026-07-26,0.0000
1403,2026-07-27,0.0000
1403,2026-07-28,0.0000
1403,2026-07-31,75.0000
1403,2026-08-02,0.0000
1403,2026-08-03,0.0000
1403,2026-08-05,0.0000
1403,2026-08-06,0.0000
1404,2026-07-22,5.7692
1404,2026-07-23,25.0000
1404,2026-07-24,0.0000
1404,2026-07-25,0.0000
1404,2026-07-26,0.0000
1404,2026-07-27,0.0000
1404,2026-07-28,0.0000
1404,2026-08-02,0.0000
1404,2026-08-10,0.0000
1405,2026-07-22,7.1429
1405,2026-07-23,0.0000
1405,2026-07-24,0.0000
1405,2026-07-25,0.0000
1405,2026-07-26,0.0000
1405,2026-07-27,0.0000
1405,2026-07-28,0.0000
1405,2026-07-29,0.0000
1405,2026-07-30,0.0000
1405,2026-07-31,0.0000
1405,2026-08-01,0.0000
1405,2026-08-02,0.0000
1405,2026-08-06,0.0000
1405,2026-08-08,0.0000
1405,2026-08-10,0.0000
1405,2026-08-11,0.0000
1406,2026-07-22,23.0000
1406,2026-07-23,0.0000
1406,2026-07-24,0.0000
1406,2026-07-25,0.0000
1406,2026-07-26,0.0000
1406,2026-07-27,0.0000
1406,2026-07-28,0.0000
1406,2026-07-29,0.0000
1406,2026-07-30,0.0000
1406,2026-07-31,0.0000
1406,2026-08-01,0.0000
1406,2026-08-02,0.0000
1406,2026-08-03,0.0000
1406,2026-08-04,0.0000
1406,2026-08-05,0.0000
1406,2026-08-10,0.0000
1406,2026-08-11,0.0000
1407,2026-07-22,46.0000
1407,2026-07-23,0.0000
1407,2026-07-24,0.0000
1407,2026-07-25,0.0000
1407,2026-07-30,0.0000
1407,2026-07-31,0.0000
1407,2026-08-07,0.0000
1408,2026-07-22,0.0000
1408,2026-07-28,0.0000
1408,2026-07-29,0.0000
1408,2026-08-10,0.0000
1409,2026-07-22,0.0000
1409,2026-07-23,0.0000
1409,2026-07-24,0.0000
1409,2026-07-25,0.0000
1409,2026-07-26,0.0000
1409,2026-07-27,0.0000
1409,2026-07-28,0.0000
1409,2026-07-29,0.0000
1409,2026-07-30,0.0000
1409,2026-08-01,0.0000
1409,2026-08-04,0.0000
1409,2026-08-05,0.0000
1409,2026-08-06,0.0000
1409,2026-08-07,0.0000
1409,2026-08-10,0.0000
1410,2026-07-22,18.7500
1410,2026-07-23,0.0000
1410,2026-07-24,0.0000
1410,2026-08-04,0.0000
1411,2026-07-22,0.0000
1411,2026-07-27,0.0000
1411,2026-07-28,0.0000
1412,2026-07-22,6.5714
1412,2026-07-23,0.0000
1412,2026-07-24,0.0000
1412,2026-07-25,0.0000
1412,2026-07-26,0.0000
1412,2026-07-27,0.0000
1412,2026-07-28,0.0000
1412,2026-07-29,0.0000
1412,2026-07-30,0.0000
1412,2026-07-31,0.0000
1412,2026-08-01,0.0000
1412,2026-08-02,0.0000
1412,2026-08-04,0.0000
1412,2026-08-06,0.0000
1412,2026-08-07,0.0000
1412,2026-08-08,0.0000
1413,2026-07-22,0.0000
1413,2026-07-23,0.0000
1413,2026-07-24,0.0000
1413,2026-07-25,0.0000
1413,2026-07-29,0.0000
1413,2026-08-02,0.0000
1413,2026-08-03,0.0000
1414,2026-07-22,0.0000
1414,2026-07-23,0.0000
1414,2026-07-24,46.0000
1414,2026-07-28,0.0000
1417,2026-07-22,4.1818
1417,2026-07-23,0.0000
1417,2026-07-24,0.0000
1417,2026-07-25,0.0000
1417,2026-07-26,0.0000
1417,2026-07-27,0.0000
1417,2026-07-28,0.0000
1417,2026-07-29,0.0000
1417,2026-08-02,0.0000
1417,2026-08-08,0.0000
1417,2026-08-10,0.0000
1417,2026-08-11,0.0000
1418,2026-07-22,13.1429
1418,2026-07-23,15.3333
1418,2026-07-24,0.0000
1418,2026-07-25,0.0000
1418,2026-07-26,0.0000
1418,2026-07-27,0.0000
1418,2026-07-28,0.0000
1418,2026-07-30,0.0000
1418,2026-08-01,0.0000
1418,2026-08-05,0.0000
1418,2026-08-07,0.0000
1418,2026-08-08,0.0000
1418,2026-08-09,0.0000
1419,2026-07-22,25.0000
1419,2026-07-23,0.0000
1419,2026-07-24,0.0000
1419,2026-07-25,0.0000
1419,2026-07-26,0.0000
1419,2026-07-27,0.0000
1419,2026-07-28,0.0000
1419,2026-07-29,0.0000
1419,2026-08-01,0.0000
1419,2026-08-02,0.0000
1419,2026-08-03,0.0000
1419,2026-08-04,0.0000
1419,2026-08-05,0.0000
1419,2026-08-08,0.0000
1419,2026-08-09,0.0000
1419,2026-08-11,0.0000
1420,2026-07-22,0.0000
1420,2026-07-23,0.0000
1420,2026-07-24,0.0000
1420,2026-07-25,0.0000
1420,2026-07-26,0.0000
1420,2026-07-27,0.0000
1420,2026-07-31,0.0000
1420,2026-08-01,0.0000
1420,2026-08-02,0.0000
1420,2026-08-03,0.0000
1420,2026-08-04,0.0000
1420,2026-08-05,0.0000
1420,2026-08-07,0.0000
1420,2026-08-08,0.0000
1420,2026-08-09,0.0000
1420,2026-08-10,0.0000
1421,2026-07-22,9.2000
1421,2026-07-23,7.6667
1421,2026-07-24,0.0000
1421,2026-07-25,0.0000
1421,2026-07-26,0.0000
1421,2026-07-27,0.0000
1421,2026-07-28,0.0000
1421,2026-07-29,0.0000
1421,2026-07-31,0.0000
1421,2026-08-02,0.0000
1421,2026-08-04,0.0000
1421,2026-08-07,0.0000
1421,2026-08-10,0.0000
1421,2026-08-11,0.0000
1472,2026-07-23,0.0000
1472,2026-07-24,0.0000
1472,2026-07-25,0.0000
1472,2026-07-26,0.0000
1473,2026-07-23,0.0000
1473,2026-07-24,75.0000
1473,2026-07-27,0.0000
1473,2026-07-31,0.0000
1473,2026-08-03,0.0000
1473,2026-08-11,0.0000
1474,2026-07-23,30.6667
1474,2026-07-24,11.5000
1474,2026-07-25,46.0000
1474,2026-07-26,0.0000
1474,2026-07-27,0.0000
1474,2026-07-28,0.0000
1474,2026-07-30,0.0000
1474,2026-07-31,0.0000
1474,2026-08-03,0.0000
1474,2026-08-10,0.0000
1475,2026-07-23,0.0000
1475,2026-07-24,0.0000
1475,2026-07-25,0.0000
1475,2026-07-26,0.0000
1475,2026-08-01,0.0000
1475,2026-08-02,0.0000
1476,2026-07-23,0.0000
1476,2026-07-24,0.0000
1476,2026-07-27,0.0000
1477,2026-07-23,0.0000
1477,2026-07-24,16.6667
1477,2026-07-25,0.0000
1477,2026-07-26,0.0000
1477,2026-07-27,0.0000
1477,2026-07-28,0.0000
1477,2026-07-29,0.0000
1477,2026-07-30,0.0000
1477,2026-07-31,0.0000
1477,2026-08-01,0.0000
1477,2026-08-02,0.0000
1477,2026-08-03,0.0000
1477,2026-08-04,0.0000
1477,2026-08-07,0.0000
1477,2026-08-09,0.0000
1477,2026-08-10,0.0000
1478,2026-07-23,0.0000
1478,2026-07-24,0.0000
1478,2026-07-25,0.0000
1478,2026-07-30,0.0000
1478,2026-08-03,0.0000
1479,2026-07-23,0.0000
1479,2026-07-24,0.0000
1480,2026-07-23,0.0000
1480,2026-07-24,0.0000
1480,2026-07-25,0.0000
1480,2026-07-26,0.0000
1480,2026-07-27,0.0000
1480,2026-07-30,0.0000
1480,2026-08-02,0.0000
1480,2026-08-08,0.0000
1481,2026-07-23,16.3043
1481,2026-07-24,0.0000
1481,2026-07-25,0.0000
1481,2026-07-26,0.0000
1481,2026-07-27,0.0000
1481,2026-07-28,0.0000
1481,2026-07-29,0.0000
1481,2026-07-31,0.0000
1481,2026-08-03,0.0000
1481,2026-08-04,0.0000
1481,2026-08-05,0.0000
1481,2026-08-06,0.0000
1481,2026-08-07,0.0000
1481,2026-08-08,0.0000
1481,2026-08-09,0.0000
1481,2026-08-10,0.0000
1481,2026-08-11,0.0000
1482,2026-07-23,12.5000
1482,2026-07-24,37.5000
1482,2026-07-25,0.0000
1482,2026-07-26,0.0000
1482,2026-07-27,0.0000
1482,2026-07-28,0.0000
1482,2026-07-29,0.0000
1482,2026-07-30,0.0000
1482,2026-08-08,0.0000
1483,2026-07-23,5.7500
1483,2026-07-24,0.0000
1483,2026-07-25,0.0000
1483,2026-07-26,0.0000
1483,2026-07-27,0.0000
1483,2026-07-28,0.0000
1483,2026-07-29,0.0000
1483,2026-07-31,0.0000
1483,2026-08-01,0.0000
1483,2026-08-02,0.0000
1483,2026-08-05,0.0000
1484,2026-07-23,22.5000
1484,2026-07-24,0.0000
1484,2026-07-25,0.0000
1484,2026-07-26,25.0000
1484,2026-07-27,0.0000
1484,2026-07-28,0.0000
1484,2026-07-29,0.0000
1484,2026-07-30,0.0000
1484,2026-07-31,0.0000
1484,2026-08-01,0.0000
1484,2026-08-02,0.0000
1484,2026-08-03,0.0000
1484,2026-08-05,0.0000
1484,2026-08-06,0.0000
1484,2026-08-08,0.0000
1484,2026-08-09,0.0000
1484,2026-08-10,0.0000
1484,2026-08-11,0.0000
1485,2026-07-23,0.0000
1485,2026-07-24,0.0000
1485,2026-07-25,0.0000
1485,2026-07-26,0.0000
1485,2026-07-30,0.0000
1485,2026-08-01,0.0000
1486,2026-07-23,0.0000
1486,2026-07-24,0.0000
1486,2026-07-25,0.0000
1486,2026-07-27,75.0000
1486,2026-08-05,0.0000
1487,2026-07-23,8.8235
1487,2026-07-24,0.0000
1487,2026-07-25,0.0000
1487,2026-07-26,0.0000
1487,2026-07-27,0.0000
1487,2026-07-28,0.0000
1487,2026-07-29,0.0000
1487,2026-07-30,0.0000
1487,2026-07-31,0.0000
1487,2026-08-01,0.0000
1487,2026-08-02,0.0000
1487,2026-08-03,0.0000
1487,2026-08-04,0.0000
1487,2026-08-07,0.0000
1487,2026-08-08,0.0000
1487,2026-08-09,0.0000
1487,2026-08-10,0.0000
1487,2026-08-11,0.0000
1488,2026-07-23,0.0000
1488,2026-07-24,0.0000
1488,2026-07-25,0.0000
1488,2026-07-26,0.0000
1488,2026-07-27,0.0000
1488,2026-07-28,0.0000
1488,2026-07-29,0.0000
1488,2026-08-07,0.0000
1488,2026-08-08,0.0000
1488,2026-08-09,0.0000
1488,2026-08-10,0.0000
1488,2026-08-11,0.0000
1490,2026-07-23,0.0000
1490,2026-07-24,0.0000
1490,2026-07-25,0.0000
1490,2026-07-26,0.0000
1490,2026-07-27,0.0000
1490,2026-07-28,0.0000
1490,2026-07-29,0.0000
1490,2026-08-02,0.0000
1490,2026-08-03,0.0000
1490,2026-08-04,0.0000
1490,2026-08-06,0.0000
1490,2026-08-08,0.0000
1491,2026-07-23,10.0000
1491,2026-07-24,0.0000
1491,2026-07-25,0.0000
1491,2026-07-26,0.0000
1491,2026-07-27,0.0000
1491,2026-07-31,0.0000
1491,2026-08-01,0.0000
1491,2026-08-02,0.0000
1491,2026-08-03,0.0000
1491,2026-08-04,0.0000
1491,2026-08-05,0.0000
1491,2026-08-06,0.0000
1491,2026-08-07,0.0000
1492,2026-07-23,3.5385
1492,2026-07-24,0.0000
1492,2026-07-25,0.0000
1492,2026-07-26,0.0000
1492,2026-07-27,0.0000
1492,2026-07-28,0.0000
1492,2026-08-07,0.0000
1492,2026-08-08,0.0000
1493,2026-07-23,0.0000
1493,2026-07-24,0.0000
1493,2026-07-25,0.0000
1493,2026-07-26,0.0000
1493,2026-07-27,0.0000
1493,2026-07-30,0.0000
1493,2026-08-01,0.0000
1493,2026-08-10,0.0000
1493,2026-08-11,0.0000
1494,2026-07-23,0.0000
1494,2026-07-24,0.0000
1494,2026-07-25,0.0000
1494,2026-07-26,0.0000
1494,2026-07-27,0.0000
1494,2026-07-28,0.0000
1494,2026-07-30,0.0000
1494,2026-08-07,0.0000
1494,2026-08-08,0.0000
1494,2026-08-09,0.0000
1494,2026-08-10,0.0000
1494,2026-08-11,0.0000
1520,2026-07-24,12.5000
1520,2026-07-25,50.0000
1520,2026-07-26,0.0000
1520,2026-07-27,0.0000
1520,2026-07-28,75.0000
1520,2026-07-29,0.0000
1520,2026-07-31,0.0000
1520,2026-08-09,0.0000
1520,2026-08-10,0.0000
1520,2026-08-11,0.0000
1521,2026-07-24,4.4118
1521,2026-07-25,0.0000
1521,2026-07-26,75.0000
1521,2026-07-27,25.0000
1521,2026-07-28,0.0000
1521,2026-07-29,0.0000
1521,2026-07-30,0.0000
1521,2026-08-02,0.0000
1521,2026-08-03,0.0000
1521,2026-08-05,0.0000
1521,2026-08-06,0.0000
1522,2026-07-24,0.0000
1522,2026-07-25,0.0000
1522,2026-07-26,0.0000
1522,2026-07-27,0.0000
1522,2026-07-28,0.0000
1522,2026-07-29,0.0000
1522,2026-07-31,0.0000
1522,2026-08-02,0.0000
1522,2026-08-03,0.0000
1522,2026-08-04,0.0000
1522,2026-08-05,0.0000
1522,2026-08-08,0.0000
1522,2026-08-10,0.0000
1523,2026-07-24,50.0000
1523,2026-07-25,0.0000
1523,2026-07-26,0.0000
1523,2026-07-27,0.0000
1524,2026-07-24,0.0000
1524,2026-07-25,0.0000
1525,2026-07-24,5.7692
1525,2026-07-25,0.0000
1525,2026-07-26,0.0000
1525,2026-07-27,0.0000
1525,2026-07-28,0.0000
1525,2026-07-29,0.0000
1525,2026-08-01,0.0000
1525,2026-08-02,0.0000
1525,2026-08-03,0.0000
1525,2026-08-05,0.0000
1525,2026-08-09,0.0000
1525,2026-08-11,0.0000
1526,2026-07-24,0.0000
1526,2026-07-25,0.0000
1526,2026-07-26,0.0000
1526,2026-07-27,0.0000
1526,2026-07-28,0.0000
1526,2026-07-29,0.0000
1526,2026-08-01,0.0000
1526,2026-08-03,0.0000
1526,2026-08-05,0.0000
1526,2026-08-07,0.0000
1527,2026-07-24,0.0000
1527,2026-07-25,0.0000
1527,2026-07-26,0.0000
1527,2026-07-27,0.0000
1527,2026-07-28,0.0000
1527,2026-07-29,0.0000
1527,2026-07-31,0.0000
1527,2026-08-01,0.0000
1527,2026-08-02,0.0000
1527,2026-08-03,0.0000
1527,2026-08-04,0.0000
1527,2026-08-05,0.0000
1527,2026-08-06,0.0000
1527,2026-08-08,0.0000
1527,2026-08-09,0.0000
1527,2026-08-10,0.0000
1527,2026-08-11,0.0000
1528,2026-07-24,0.0000
1528,2026-07-25,0.0000
1528,2026-08-01,0.0000
1528,2026-08-07,0.0000
1529,2026-07-24,0.0000
1530,2026-07-24,6.5714
1530,2026-07-25,0.0000
1530,2026-07-26,0.0000
1530,2026-07-27,0.0000
1530,2026-07-28,0.0000
1530,2026-08-02,0.0000
1530,2026-08-08,0.0000
1530,2026-08-11,0.0000
1531,2026-07-24,5.1111
1531,2026-07-25,0.0000
1531,2026-07-26,0.0000
1531,2026-07-27,0.0000
1531,2026-07-28,0.0000
1531,2026-07-29,0.0000
1531,2026-07-30,0.0000
1531,2026-07-31,0.0000
1531,2026-08-08,0.0000
1531,2026-08-09,0.0000
1531,2026-08-10,0.0000
1531,2026-08-11,0.0000
1532,2026-07-24,13.0435
1532,2026-07-25,0.0000
1532,2026-07-26,0.0000
1532,2026-07-27,0.0000
1532,2026-07-28,0.0000
1532,2026-07-29,0.0000
1532,2026-07-30,0.0000
1532,2026-07-31,0.0000
1532,2026-08-01,0.0000
1532,2026-08-02,0.0000
1532,2026-08-03,0.0000
1532,2026-08-04,0.0000
1532,2026-08-05,0.0000
1532,2026-08-06,0.0000
1532,2026-08-07,0.0000
1532,2026-08-08,0.0000
1533,2026-07-24,0.0000
1533,2026-07-25,0.0000
1533,2026-07-26,0.0000
1533,2026-07-27,0.0000
1533,2026-07-28,0.0000
1533,2026-08-01,0.0000
1533,2026-08-09,0.0000
1533,2026-08-10,0.0000
1534,2026-07-24,0.0000
1534,2026-07-25,0.0000
1534,2026-07-26,0.0000
1534,2026-07-27,0.0000
1534,2026-07-28,0.0000
1534,2026-07-31,0.0000
1534,2026-08-05,0.0000
1534,2026-08-08,0.0000
1534,2026-08-10,0.0000
1535,2026-07-24,0.0000
1535,2026-07-25,0.0000
1535,2026-07-26,0.0000
1535,2026-07-27,0.0000
1535,2026-07-28,0.0000
1535,2026-07-30,0.0000
1535,2026-07-31,0.0000
1535,2026-08-02,0.0000
1535,2026-08-03,0.0000
1535,2026-08-05,0.0000
1535,2026-08-06,0.0000
1535,2026-08-07,0.0000
1536,2026-07-24,1.9167
1536,2026-07-25,11.5000
1536,2026-07-26,0.0000
1536,2026-07-27,0.0000
1536,2026-07-28,0.0000
1536,2026-07-29,0.0000
1536,2026-07-30,0.0000
1536,2026-07-31,0.0000
1536,2026-08-01,0.0000
1536,2026-08-02,0.0000
1536,2026-08-03,0.0000
1536,2026-08-04,0.0000
1536,2026-08-07,0.0000
1536,2026-08-08,0.0000
1536,2026-08-09,0.0000
1536,2026-08-10,0.0000
1536,2026-08-11,0.0000
1537,2026-07-24,5.3571
1537,2026-07-25,0.0000
1537,2026-07-26,0.0000
1537,2026-07-27,0.0000
1537,2026-07-28,0.0000
1537,2026-07-29,0.0000
1537,2026-07-30,0.0000
1537,2026-07-31,0.0000
1537,2026-08-01,0.0000
1537,2026-08-04,0.0000
1537,2026-08-08,0.0000
1537,2026-08-09,0.0000
1537,2026-08-10,0.0000
1537,2026-08-11,0.0000
1688,2026-07-25,5.4878
1688,2026-07-26,21.4286
1688,2026-07-27,0.0000
1688,2026-07-28,0.0000
1688,2026-07-29,0.0000
1688,2026-07-31,0.0000
1688,2026-08-01,0.0000
1688,2026-08-02,0.0000
1688,2026-08-07,0.0000
1688,2026-08-10,0.0000
1688,2026-08-11,0.0000
1689,2026-07-25,0.0000
1689,2026-07-26,0.0000
1689,2026-07-27,0.0000
1689,2026-07-28,0.0000
1689,2026-07-29,0.0000
1689,2026-07-30,0.0000
1689,2026-08-03,0.0000
1690,2026-07-25,0.0000
1690,2026-07-26,0.0000
1690,2026-07-27,0.0000
1690,2026-07-28,0.0000
1690,2026-07-29,0.0000
1690,2026-07-30,0.0000
1690,2026-07-31,0.0000
1690,2026-08-01,0.0000
1690,2026-08-02,0.0000
1690,2026-08-03,0.0000
1690,2026-08-04,0.0000
1690,2026-08-08,0.0000
1690,2026-08-09,0.0000
1690,2026-08-10,0.0000
1690,2026-08-11,0.0000
1691,2026-07-27,0.0000
1691,2026-07-28,0.0000
1691,2026-07-29,0.0000
1691,2026-07-30,0.0000
1691,2026-08-01,0.0000
1691,2026-08-02,0.0000
1691,2026-08-03,0.0000
1691,2026-08-04,0.0000
1691,2026-08-05,0.0000
1691,2026-08-06,0.0000
1691,2026-08-07,0.0000
1691,2026-08-08,0.0000
1691,2026-08-09,0.0000
1691,2026-08-11,0.0000
1692,2026-07-25,0.0000
1692,2026-07-26,0.0000
1692,2026-07-28,0.0000
1692,2026-07-29,0.0000
1692,2026-07-30,0.0000
1692,2026-07-31,0.0000
1693,2026-07-25,0.0000
1693,2026-07-27,0.0000
1693,2026-07-28,0.0000
1694,2026-07-27,0.0000
1694,2026-07-28,0.0000
1694,2026-07-29,0.0000
1694,2026-07-30,0.0000
1694,2026-07-31,0.0000
1694,2026-08-01,0.0000
1694,2026-08-02,0.0000
1694,2026-08-03,0.0000
1694,2026-08-04,0.0000
1694,2026-08-05,0.0000
1694,2026-08-06,0.0000
1694,2026-08-07,0.0000
1694,2026-08-08,0.0000
1694,2026-08-10,0.0000
1695,2026-07-25,0.0000
1695,2026-07-26,0.0000
1695,2026-07-27,0.0000
1695,2026-07-28,0.0000
1695,2026-07-29,0.0000
1696,2026-07-25,0.0000
1697,2026-07-25,10.7143
1697,2026-07-26,0.0000
1697,2026-07-27,0.0000
1697,2026-07-28,0.0000
1697,2026-07-29,75.0000
1697,2026-07-30,0.0000
1697,2026-07-31,0.0000
1697,2026-08-03,0.0000
1697,2026-08-05,0.0000
1697,2026-08-06,0.0000
1697,2026-08-07,0.0000
1697,2026-08-09,0.0000
1697,2026-08-10,0.0000
1698,2026-07-25,0.0000
1698,2026-07-26,0.0000
1698,2026-07-27,0.0000
1698,2026-07-28,0.0000
1698,2026-07-29,0.0000
1698,2026-07-30,0.0000
1698,2026-07-31,0.0000
1699,2026-07-25,50.0000
1699,2026-07-28,0.0000
1700,2026-07-26,15.0000
1700,2026-07-27,0.0000
1700,2026-07-28,0.0000
1700,2026-07-29,0.0000
1700,2026-07-30,0.0000
1700,2026-07-31,0.0000
1700,2026-08-01,0.0000
1700,2026-08-02,0.0000
1700,2026-08-04,0.0000
1700,2026-08-05,0.0000
1700,2026-08-06,0.0000
1700,2026-08-08,0.0000
1700,2026-08-09,0.0000
1700,2026-08-10,0.0000
1701,2026-07-25,0.0000
1701,2026-07-26,0.0000
1701,2026-07-27,0.0000
1701,2026-07-28,0.0000
1701,2026-07-30,0.0000
1701,2026-08-10,0.0000
1702,2026-07-25,25.0000
1702,2026-07-26,0.0000
1702,2026-07-28,75.0000
1703,2026-07-25,9.3750
1703,2026-07-26,0.0000
1703,2026-07-27,0.0000
1703,2026-07-28,0.0000
1703,2026-07-29,0.0000
1703,2026-07-30,75.0000
1703,2026-07-31,0.0000
1703,2026-08-01,0.0000
1703,2026-08-03,0.0000
1703,2026-08-05,0.0000
1703,2026-08-06,0.0000
1703,2026-08-07,0.0000
1704,2026-07-25,0.0000
1704,2026-07-26,0.0000
1704,2026-07-27,0.0000
1704,2026-07-28,0.0000
1704,2026-07-31,0.0000
1705,2026-07-25,8.6538
1705,2026-07-26,15.0000
1705,2026-07-27,18.7500
1705,2026-07-28,0.0000
1705,2026-07-29,75.0000
1705,2026-07-30,0.0000
1705,2026-07-31,0.0000
1705,2026-08-01,0.0000
1705,2026-08-03,0.0000
1705,2026-08-04,0.0000
1705,2026-08-05,0.0000
1705,2026-08-08,0.0000
1705,2026-08-09,0.0000
1705,2026-08-11,0.0000
1706,2026-07-25,0.0000
1706,2026-07-26,0.0000
1706,2026-07-27,0.0000
1706,2026-07-28,0.0000
1706,2026-07-29,0.0000
1706,2026-07-30,0.0000
1706,2026-08-01,0.0000
1706,2026-08-02,0.0000
1706,2026-08-03,0.0000
1706,2026-08-04,0.0000
1706,2026-08-05,0.0000
1706,2026-08-06,0.0000
1706,2026-08-09,0.0000
1706,2026-08-10,0.0000
1707,2026-07-25,0.0000
1707,2026-07-26,0.0000
1707,2026-07-27,0.0000
1707,2026-07-28,0.0000
1707,2026-08-01,0.0000
1707,2026-08-03,0.0000
1707,2026-08-06,0.0000
1707,2026-08-08,0.0000
1707,2026-08-10,0.0000
1708,2026-07-25,0.0000
1708,2026-07-26,0.0000
1708,2026-07-27,0.0000
1708,2026-07-28,0.0000
1708,2026-08-01,0.0000
1708,2026-08-02,0.0000
1709,2026-07-25,0.0000
1709,2026-07-26,0.0000
1710,2026-07-26,6.5714
1710,2026-07-27,0.0000
1710,2026-07-28,0.0000
1710,2026-07-29,0.0000
1710,2026-08-08,0.0000
1710,2026-08-09,0.0000
1710,2026-08-10,0.0000
1710,2026-08-11,0.0000
1711,2026-07-25,0.0000
1711,2026-07-26,0.0000
1711,2026-07-27,0.0000
1711,2026-07-29,0.0000
1711,2026-08-10,0.0000
1712,2026-07-25,0.0000
1712,2026-07-28,0.0000
1712,2026-07-29,0.0000
1712,2026-08-03,0.0000
1713,2026-07-26,0.0000
1713,2026-07-27,0.0000
1713,2026-07-28,0.0000
1713,2026-07-29,0.0000
1713,2026-07-31,0.0000
1713,2026-08-01,0.0000
1713,2026-08-02,0.0000
1713,2026-08-03,0.0000
1713,2026-08-04,0.0000
1713,2026-08-05,0.0000
1713,2026-08-07,0.0000
1713,2026-08-10,0.0000
1714,2026-07-25,0.0000
1714,2026-07-26,0.0000
1714,2026-07-27,0.0000
1714,2026-07-28,0.0000
1714,2026-07-29,0.0000
1714,2026-07-31,0.0000
1714,2026-08-01,0.0000
1715,2026-07-25,0.0000
1715,2026-07-26,0.0000
1715,2026-08-06,0.0000
1716,2026-07-26,0.0000
1716,2026-07-27,0.0000
1716,2026-07-28,0.0000
1716,2026-07-29,0.0000
1716,2026-07-30,0.0000
1716,2026-07-31,0.0000
1716,2026-08-01,0.0000
1716,2026-08-02,0.0000
1716,2026-08-03,0.0000
1716,2026-08-06,0.0000
1716,2026-08-07,0.0000
1716,2026-08-10,0.0000
1717,2026-07-25,0.0000
1717,2026-07-29,0.0000
1717,2026-08-02,0.0000
1717,2026-08-08,0.0000
1718,2026-07-25,46.0000
1719,2026-07-25,0.0000
1719,2026-07-26,0.0000
1719,2026-07-27,0.0000
1719,2026-07-28,0.0000
1719,2026-07-29,0.0000
1719,2026-07-31,0.0000
1719,2026-08-02,0.0000
1719,2026-08-07,0.0000
1719,2026-08-08,0.0000
1719,2026-08-09,0.0000
1719,2026-08-10,0.0000
1719,2026-08-11,0.0000
1720,2026-07-25,0.0000
1720,2026-07-26,0.0000
1720,2026-07-28,0.0000
1721,2026-07-25,0.0000
1721,2026-07-26,0.0000
1721,2026-07-27,0.0000
1721,2026-07-28,0.0000
1721,2026-07-31,0.0000
1721,2026-08-03,0.0000
1722,2026-07-25,0.0000
1722,2026-07-26,0.0000
1722,2026-07-27,0.0000
1722,2026-07-28,0.0000
1722,2026-07-29,0.0000
1722,2026-07-30,0.0000
1722,2026-07-31,0.0000
1722,2026-08-01,0.0000
1722,2026-08-02,0.0000
1722,2026-08-03,0.0000
1722,2026-08-04,0.0000
1722,2026-08-08,0.0000
1722,2026-08-10,0.0000
2026,2026-07-26,9.3750
2026,2026-07-27,0.0000
2026,2026-07-28,0.0000
2026,2026-07-29,0.0000
2026,2026-07-31,0.0000
2026,2026-08-01,0.0000
2026,2026-08-03,0.0000
2026,2026-08-05,0.0000
2026,2026-08-06,0.0000
2026,2026-08-09,0.0000
2026,2026-08-10,0.0000
2026,2026-08-11,0.0000
2027,2026-07-27,0.0000
2027,2026-07-28,0.0000
2027,2026-07-31,0.0000
2028,2026-07-27,10.7143
2028,2026-07-28,0.0000
2028,2026-07-29,0.0000
2028,2026-07-30,0.0000
2028,2026-07-31,0.0000
2028,2026-08-01,0.0000
2028,2026-08-02,0.0000
2028,2026-08-03,0.0000
2028,2026-08-06,0.0000
2028,2026-08-08,0.0000
2028,2026-08-11,0.0000
2029,2026-07-27,50.0000
2029,2026-07-28,0.0000
2029,2026-07-30,0.0000
2029,2026-07-31,0.0000
2030,2026-07-27,0.0000
2030,2026-07-28,0.0000
2030,2026-08-05,0.0000
2031,2026-07-27,15.3333
2031,2026-07-28,4.6000
2031,2026-07-29,0.0000
2031,2026-07-30,0.0000
2031,2026-07-31,0.0000
2031,2026-08-01,0.0000
2031,2026-08-03,0.0000
2031,2026-08-04,0.0000
2031,2026-08-09,0.0000
2031,2026-08-10,0.0000
2032,2026-07-27,0.0000
2032,2026-07-28,0.0000
2032,2026-07-29,0.0000
2032,2026-07-30,0.0000
2033,2026-07-27,0.0000
2033,2026-07-28,0.0000
2034,2026-07-27,2.7778
2034,2026-07-28,0.0000
2034,2026-07-29,0.0000
2034,2026-07-30,0.0000
2034,2026-07-31,0.0000
2034,2026-08-01,0.0000
2034,2026-08-02,0.0000
2034,2026-08-03,0.0000
2034,2026-08-04,0.0000
2034,2026-08-06,0.0000
2034,2026-08-07,0.0000
2034,2026-08-10,0.0000
2035,2026-07-27,12.5000
2035,2026-07-28,0.0000
2035,2026-07-29,0.0000
2035,2026-07-30,0.0000
2035,2026-07-31,0.0000
2035,2026-08-01,0.0000
2035,2026-08-10,0.0000
2036,2026-07-27,6.8182
2036,2026-07-28,0.0000
2036,2026-07-29,0.0000
2036,2026-07-30,0.0000
2036,2026-07-31,0.0000
2036,2026-08-01,0.0000
2036,2026-08-02,0.0000
2036,2026-08-03,0.0000
2036,2026-08-06,0.0000
2036,2026-08-10,0.0000
2037,2026-07-27,10.7143
2037,2026-07-28,0.0000
2037,2026-07-29,0.0000
2037,2026-07-30,0.0000
2037,2026-07-31,0.0000
2037,2026-08-01,0.0000
2037,2026-08-02,0.0000
2037,2026-08-03,0.0000
2037,2026-08-04,0.0000
2037,2026-08-06,0.0000
2037,2026-08-07,0.0000
2037,2026-08-08,0.0000
2037,2026-08-09,0.0000
2037,2026-08-11,0.0000
2038,2026-07-27,0.0000
2038,2026-07-28,0.0000
2038,2026-07-29,0.0000
2038,2026-07-31,0.0000
2038,2026-08-01,0.0000
2038,2026-08-03,0.0000
2038,2026-08-04,0.0000
2039,2026-07-27,0.0000
2039,2026-07-28,0.0000
2039,2026-07-29,0.0000
2039,2026-08-01,0.0000
2039,2026-08-10,0.0000
2040,2026-07-27,0.0000
2040,2026-07-28,46.0000
2040,2026-07-29,0.0000
2040,2026-07-30,0.0000
2040,2026-07-31,0.0000
2040,2026-08-01,0.0000
2040,2026-08-02,0.0000
2040,2026-08-03,0.0000
2040,2026-08-04,0.0000
2040,2026-08-05,0.0000
2040,2026-08-06,0.0000
2040,2026-08-08,0.0000
2040,2026-08-09,0.0000
2040,2026-08-10,0.0000
2040,2026-08-11,0.0000
2041,2026-07-27,0.0000
2041,2026-07-28,0.0000
2041,2026-07-29,0.0000
2041,2026-07-30,0.0000
2041,2026-07-31,0.0000
2041,2026-08-01,0.0000
2041,2026-08-03,0.0000
2041,2026-08-04,0.0000
2041,2026-08-10,0.0000
2042,2026-07-27,11.5000
2042,2026-07-28,0.0000
2043,2026-07-27,0.0000
2043,2026-07-28,0.0000
2043,2026-07-29,0.0000
2043,2026-07-30,0.0000
2043,2026-07-31,0.0000
2043,2026-08-01,0.0000
2043,2026-08-02,0.0000
2043,2026-08-03,0.0000
2043,2026-08-05,0.0000
2043,2026-08-06,0.0000
2043,2026-08-07,0.0000
2043,2026-08-08,0.0000
2043,2026-08-09,0.0000
2043,2026-08-10,0.0000
2044,2026-07-27,0.0000
2044,2026-07-30,0.0000
2044,2026-08-02,0.0000
2044,2026-08-08,0.0000
2044,2026-08-10,0.0000
2045,2026-07-27,0.0000
2046,2026-07-27,8.7619
2046,2026-07-28,15.3333
2046,2026-07-29,0.0000
2046,2026-07-30,0.0000
2046,2026-07-31,0.0000
2046,2026-08-01,0.0000
2046,2026-08-02,0.0000
2046,2026-08-03,0.0000
2046,2026-08-04,0.0000
2046,2026-08-05,0.0000
2046,2026-08-06,0.0000
2046,2026-08-07,0.0000
2046,2026-08-09,0.0000
2046,2026-08-10,0.0000
2046,2026-08-11,0.0000
2047,2026-07-27,5.3077
2047,2026-07-28,23.0000
2047,2026-07-29,0.0000
2047,2026-07-30,0.0000
2047,2026-07-31,0.0000
2047,2026-08-01,0.0000
2047,2026-08-03,0.0000
2047,2026-08-08,0.0000
2048,2026-07-27,0.0000
2048,2026-07-28,0.0000
2048,2026-07-29,0.0000
2048,2026-07-30,0.0000
2048,2026-08-01,0.0000
2048,2026-08-02,0.0000
2048,2026-08-03,0.0000
2048,2026-08-04,0.0000
2048,2026-08-07,0.0000
2048,2026-08-10,0.0000
2048,2026-08-11,0.0000
2049,2026-07-27,0.0000
2049,2026-07-28,0.0000
2049,2026-07-29,0.0000
2049,2026-07-30,0.0000
2049,2026-08-02,0.0000
2049,2026-08-05,0.0000
2049,2026-08-07,0.0000
2049,2026-08-08,0.0000
2050,2026-07-26,0.0000
2050,2026-07-27,0.0000
2050,2026-07-28,0.0000
2050,2026-07-29,0.0000
2050,2026-07-31,0.0000
2051,2026-07-28,10.7143
2051,2026-07-29,0.0000
2051,2026-07-30,0.0000
2051,2026-07-31,0.0000
2051,2026-08-01,0.0000
2051,2026-08-04,0.0000
2051,2026-08-05,0.0000
2051,2026-08-06,0.0000
2051,2026-08-07,0.0000
2051,2026-08-11,0.0000
2052,2026-07-28,7.8947
2052,2026-07-29,0.0000
2052,2026-07-30,0.0000
2052,2026-07-31,0.0000
2052,2026-08-01,0.0000
2052,2026-08-02,0.0000
2052,2026-08-03,0.0000
2052,2026-08-04,0.0000
2054,2026-07-28,0.0000
2054,2026-07-29,25.0000
2054,2026-07-30,0.0000
2054,2026-07-31,0.0000
2054,2026-08-01,0.0000
2054,2026-08-02,0.0000
2054,2026-08-03,0.0000
2054,2026-08-04,0.0000
2054,2026-08-05,0.0000
2054,2026-08-07,0.0000
2054,2026-08-11,0.0000
2055,2026-07-28,18.7500
2055,2026-07-29,0.0000
2055,2026-07-30,0.0000
2055,2026-07-31,0.0000
2056,2026-07-28,0.0000
2056,2026-07-30,0.0000
2058,2026-07-28,5.0000
2058,2026-07-29,10.7143
2058,2026-07-30,0.0000
2058,2026-07-31,0.0000
2058,2026-08-01,0.0000
2058,2026-08-02,0.0000
2058,2026-08-03,0.0000
2058,2026-08-04,0.0000
2058,2026-08-05,0.0000
2058,2026-08-09,0.0000
2058,2026-08-10,0.0000
2059,2026-07-28,0.0000
2059,2026-07-29,0.0000
2059,2026-07-30,0.0000
2059,2026-07-31,0.0000
2059,2026-08-01,0.0000
2059,2026-08-02,0.0000
2059,2026-08-03,0.0000
2059,2026-08-06,0.0000
2059,2026-08-08,0.0000
2059,2026-08-09,0.0000
2059,2026-08-10,0.0000
2059,2026-08-11,0.0000
2060,2026-07-28,0.0000
2060,2026-07-29,0.0000
2060,2026-07-30,0.0000
2060,2026-07-31,0.0000
2060,2026-08-01,0.0000
2060,2026-08-03,0.0000
2060,2026-08-04,0.0000
2060,2026-08-05,0.0000
2060,2026-08-06,0.0000
2060,2026-08-07,0.0000
2060,2026-08-08,0.0000
2060,2026-08-10,0.0000
2060,2026-08-11,0.0000
2061,2026-07-28,0.0000
2061,2026-07-29,0.0000
2061,2026-07-30,0.0000
2061,2026-07-31,0.0000
2061,2026-08-01,0.0000
2061,2026-08-02,0.0000
2061,2026-08-03,0.0000
2061,2026-08-04,0.0000
2061,2026-08-05,0.0000
2061,2026-08-11,0.0000
2062,2026-07-28,0.0000
2062,2026-07-29,0.0000
2062,2026-07-30,0.0000
2062,2026-07-31,0.0000
2062,2026-08-01,0.0000
2062,2026-08-02,150.0000
2062,2026-08-03,0.0000
2062,2026-08-04,0.0000
2062,2026-08-05,0.0000
2062,2026-08-06,0.0000
2062,2026-08-07,0.0000
2062,2026-08-09,0.0000
2062,2026-08-10,0.0000
2063,2026-07-28,0.0000
2063,2026-07-29,0.0000
2063,2026-07-30,0.0000
2063,2026-07-31,0.0000
2063,2026-08-02,0.0000
2063,2026-08-06,0.0000
2064,2026-07-28,0.0000
2064,2026-07-30,0.0000
2064,2026-08-06,0.0000
2065,2026-07-28,2.1429
2065,2026-07-29,16.6667
2065,2026-07-30,15.0000
2065,2026-07-31,0.0000
2065,2026-08-01,0.0000
2065,2026-08-02,0.0000
2065,2026-08-03,0.0000
2065,2026-08-04,0.0000
2065,2026-08-05,0.0000
2065,2026-08-06,0.0000
2065,2026-08-07,0.0000
2065,2026-08-08,0.0000
2065,2026-08-09,0.0000
2065,2026-08-11,0.0000
2066,2026-07-28,0.0000
2066,2026-07-29,0.0000
2066,2026-07-30,0.0000
2066,2026-07-31,0.0000
2066,2026-08-01,0.0000
2066,2026-08-02,0.0000
2066,2026-08-09,0.0000
2067,2026-07-28,15.0000
2067,2026-07-29,0.0000
2067,2026-07-30,0.0000
2067,2026-07-31,0.0000
2067,2026-08-01,0.0000
2067,2026-08-06,0.0000
2067,2026-08-07,0.0000
2068,2026-07-28,0.0000
2068,2026-07-29,0.0000
2068,2026-07-30,0.0000
2068,2026-07-31,0.0000
2068,2026-08-01,0.0000
2068,2026-08-02,0.0000
2068,2026-08-04,0.0000
2068,2026-08-07,0.0000
2069,2026-07-29,6.6176
2069,2026-07-30,0.0000
2069,2026-07-31,0.0000
2069,2026-08-01,0.0000
2069,2026-08-02,0.0000
2069,2026-08-03,0.0000
2069,2026-08-04,0.0000
2069,2026-08-06,0.0000
2069,2026-08-09,0.0000
2069,2026-08-10,0.0000
2070,2026-07-29,15.3333
2070,2026-07-30,23.0000
2070,2026-07-31,0.0000
2070,2026-08-01,0.0000
2070,2026-08-02,0.0000
2070,2026-08-04,0.0000
2070,2026-08-05,0.0000
2070,2026-08-08,0.0000
2070,2026-08-09,0.0000
2070,2026-08-10,0.0000
2071,2026-07-29,0.0000
2071,2026-07-30,0.0000
2071,2026-07-31,0.0000
2071,2026-08-01,0.0000
2071,2026-08-02,0.0000
2071,2026-08-07,0.0000
2072,2026-07-29,0.0000
2072,2026-07-30,0.0000
2072,2026-07-31,0.0000
2072,2026-08-01,0.0000
2072,2026-08-02,37.5000
2072,2026-08-03,0.0000
2072,2026-08-06,0.0000
2072,2026-08-08,0.0000
2072,2026-08-11,0.0000
2073,2026-07-29,0.0000
2073,2026-07-30,0.0000
2073,2026-08-07,0.0000
2073,2026-08-08,0.0000
2073,2026-08-10,0.0000
2074,2026-07-29,0.0000
2074,2026-07-31,0.0000
2075,2026-07-29,9.3750
2075,2026-07-30,0.0000
2075,2026-07-31,0.0000
2075,2026-08-01,0.0000
2075,2026-08-02,0.0000
2075,2026-08-04,0.0000
2075,2026-08-06,0.0000
2075,2026-08-07,0.0000
2075,2026-08-10,0.0000
2076,2026-07-29,0.0000
2076,2026-07-31,0.0000
2076,2026-08-01,0.0000
2076,2026-08-02,0.0000
2076,2026-08-03,0.0000
2076,2026-08-06,0.0000
2076,2026-08-10,0.0000
2077,2026-07-29,0.0000
2077,2026-07-30,0.0000
2077,2026-08-01,0.0000
2077,2026-08-04,0.0000
2078,2026-07-29,0.0000
2078,2026-07-30,25.0000
2078,2026-07-31,0.0000
2078,2026-08-01,0.0000
2078,2026-08-02,0.0000
2078,2026-08-03,0.0000
2078,2026-08-04,0.0000
2078,2026-08-10,0.0000
2078,2026-08-11,0.0000
2079,2026-07-29,0.0000
2079,2026-07-30,0.0000
2079,2026-07-31,0.0000
2079,2026-08-01,0.0000
2079,2026-08-02,0.0000
2079,2026-08-03,0.0000
2079,2026-08-04,0.0000
2079,2026-08-05,0.0000
2079,2026-08-06,0.0000
2079,2026-08-11,0.0000
2080,2026-07-29,8.5714
2080,2026-07-30,0.0000
2080,2026-07-31,0.0000
2080,2026-08-01,0.0000
2080,2026-08-02,0.0000
2080,2026-08-03,0.0000
2080,2026-08-04,0.0000
2080,2026-08-05,0.0000
2080,2026-08-06,0.0000
2080,2026-08-07,0.0000
2080,2026-08-08,0.0000
2080,2026-08-09,0.0000
2081,2026-07-29,0.0000
2081,2026-07-30,0.0000
2081,2026-07-31,0.0000
2081,2026-08-01,0.0000
2081,2026-08-02,0.0000
2081,2026-08-05,0.0000
2081,2026-08-06,0.0000
2081,2026-08-09,0.0000
2081,2026-08-11,0.0000
2082,2026-07-29,0.0000
2082,2026-07-30,0.0000
2082,2026-07-31,0.0000
2082,2026-08-02,0.0000
2082,2026-08-04,0.0000
2082,2026-08-08,0.0000
2082,2026-08-09,0.0000
2082,2026-08-10,0.0000
2083,2026-07-29,8.1176
2083,2026-07-30,18.4000
2083,2026-07-31,0.0000
2083,2026-08-01,46.0000
2083,2026-08-02,0.0000
2083,2026-08-03,0.0000
2083,2026-08-04,0.0000
2083,2026-08-05,0.0000
2083,2026-08-06,0.0000
2083,2026-08-07,0.0000
2083,2026-08-08,0.0000
2083,2026-08-09,0.0000
2083,2026-08-10,0.0000
2083,2026-08-11,0.0000
2084,2026-07-29,0.0000
2084,2026-07-31,0.0000
2084,2026-08-01,0.0000
2084,2026-08-05,0.0000
2084,2026-08-10,0.0000
2085,2026-07-29,0.0000
2085,2026-07-30,0.0000
2085,2026-08-02,0.0000
2086,2026-07-29,0.0000
2086,2026-07-30,37.5000
2086,2026-07-31,0.0000
2086,2026-08-01,0.0000
2086,2026-08-02,0.0000
2086,2026-08-03,0.0000
2086,2026-08-04,0.0000
2086,2026-08-05,0.0000
2086,2026-08-06,0.0000
2086,2026-08-07,0.0000
2086,2026-08-08,0.0000
2087,2026-07-29,0.0000
2087,2026-07-30,0.0000
2087,2026-08-06,0.0000
2088,2026-07-29,0.0000
2088,2026-07-30,0.0000
2088,2026-07-31,0.0000
2089,2026-07-29,5.4118
2089,2026-07-30,0.0000
2089,2026-07-31,0.0000
2089,2026-08-01,0.0000
2089,2026-08-02,0.0000
2089,2026-08-03,0.0000
2089,2026-08-05,0.0000
2089,2026-08-06,0.0000
2090,2026-07-29,3.2857
2090,2026-07-30,0.0000
2090,2026-07-31,0.0000
2090,2026-08-01,0.0000
2090,2026-08-02,0.0000
2090,2026-08-04,0.0000
2090,2026-08-05,0.0000
2090,2026-08-06,0.0000
2091,2026-07-29,0.0000
2091,2026-07-30,0.0000
2091,2026-07-31,0.0000
2091,2026-08-01,0.0000
2091,2026-08-02,0.0000
2091,2026-08-04,0.0000
2091,2026-08-05,0.0000
2091,2026-08-06,0.0000
2091,2026-08-10,0.0000
2092,2026-07-30,4.1667
2092,2026-07-31,0.0000
2092,2026-08-01,0.0000
2092,2026-08-02,0.0000
2092,2026-08-03,0.0000
2092,2026-08-04,0.0000
2092,2026-08-05,0.0000
2092,2026-08-06,0.0000
2092,2026-08-10,0.0000
2093,2026-07-30,0.0000
2093,2026-07-31,0.0000
2093,2026-08-01,0.0000
2093,2026-08-02,0.0000
2093,2026-08-05,0.0000
2094,2026-07-30,0.0000
2094,2026-07-31,0.0000
2094,2026-08-01,0.0000
2094,2026-08-02,0.0000
2094,2026-08-03,0.0000
2094,2026-08-04,0.0000
2094,2026-08-08,0.0000
2094,2026-08-09,0.0000
2094,2026-08-10,75.0000
2095,2026-07-30,0.0000
2095,2026-07-31,0.0000
2095,2026-08-01,0.0000
2095,2026-08-02,0.0000
2095,2026-08-03,0.0000
2095,2026-08-04,0.0000
2095,2026-08-05,0.0000
2095,2026-08-10,0.0000
2096,2026-07-30,0.0000
2096,2026-07-31,0.0000
2096,2026-08-01,0.0000
2096,2026-08-05,0.0000
2097,2026-07-30,23.0000
2097,2026-07-31,15.3333
2097,2026-08-01,0.0000
2097,2026-08-02,46.0000
2097,2026-08-04,0.0000
2097,2026-08-05,0.0000
2097,2026-08-06,0.0000
2097,2026-08-07,0.0000
2097,2026-08-08,0.0000
2097,2026-08-09,0.0000
2097,2026-08-10,0.0000
2097,2026-08-11,0.0000
2098,2026-07-30,0.0000
2098,2026-07-31,0.0000
2098,2026-08-02,0.0000
2098,2026-08-04,0.0000
2098,2026-08-06,0.0000
2098,2026-08-07,0.0000
2098,2026-08-08,0.0000
2100,2026-07-30,0.0000
2100,2026-07-31,0.0000
2100,2026-08-01,0.0000
2100,2026-08-07,0.0000
2100,2026-08-08,0.0000
2101,2026-07-30,0.0000
2101,2026-08-02,0.0000
2103,2026-07-30,0.0000
2103,2026-07-31,37.5000
2103,2026-08-01,0.0000
2103,2026-08-02,0.0000
2103,2026-08-03,0.0000
2103,2026-08-04,0.0000
2103,2026-08-05,0.0000
2103,2026-08-08,0.0000
2103,2026-08-10,0.0000
2104,2026-07-30,6.5714
2104,2026-07-31,0.0000
2104,2026-08-01,0.0000
2104,2026-08-02,0.0000
2104,2026-08-04,0.0000
2104,2026-08-06,0.0000
2104,2026-08-09,0.0000
2104,2026-08-10,0.0000
2105,2026-07-30,7.6667
2105,2026-07-31,46.0000
2105,2026-08-01,0.0000
2105,2026-08-02,0.0000
2105,2026-08-03,0.0000
2105,2026-08-04,0.0000
2105,2026-08-06,0.0000
2105,2026-08-08,0.0000
2105,2026-08-10,0.0000
2105,2026-08-11,0.0000
2106,2026-07-30,0.0000
2106,2026-07-31,15.3333
2106,2026-08-01,0.0000
2106,2026-08-02,0.0000
2107,2026-07-30,0.0000
2107,2026-07-31,0.0000
2107,2026-08-01,0.0000
2107,2026-08-02,0.0000
2107,2026-08-03,0.0000
2107,2026-08-05,0.0000
2107,2026-08-06,0.0000
2107,2026-08-07,0.0000
2107,2026-08-09,0.0000
2107,2026-08-11,0.0000
2108,2026-07-30,16.6667
2108,2026-07-31,0.0000
2108,2026-08-01,75.0000
2108,2026-08-02,0.0000
2108,2026-08-03,0.0000
2108,2026-08-04,0.0000
2108,2026-08-05,0.0000
2108,2026-08-06,0.0000
2108,2026-08-07,0.0000
2108,2026-08-08,0.0000
2108,2026-08-09,0.0000
2109,2026-07-30,50.0000
2109,2026-07-31,0.0000
2109,2026-08-01,0.0000
2109,2026-08-02,37.5000
2109,2026-08-03,0.0000
2109,2026-08-04,0.0000
2109,2026-08-06,0.0000
2109,2026-08-07,0.0000
2109,2026-08-08,0.0000
2109,2026-08-10,0.0000
2110,2026-07-30,0.0000
2110,2026-08-01,0.0000
2110,2026-08-08,0.0000
2110,2026-08-10,0.0000
2111,2026-07-30,0.0000
2111,2026-07-31,0.0000
2111,2026-08-01,0.0000
2111,2026-08-02,0.0000
2111,2026-08-06,0.0000
2112,2026-07-30,0.0000
2112,2026-07-31,0.0000
2112,2026-08-01,0.0000
2112,2026-08-02,0.0000
2112,2026-08-05,0.0000
2113,2026-07-30,0.0000
2113,2026-07-31,0.0000
2113,2026-08-10,0.0000
2114,2026-07-30,0.0000
2114,2026-07-31,0.0000
2114,2026-08-01,0.0000
2114,2026-08-02,0.0000
2114,2026-08-04,0.0000
2114,2026-08-06,0.0000
2114,2026-08-09,0.0000
2114,2026-08-10,0.0000
2114,2026-08-11,0.0000
2115,2026-07-30,0.0000
2115,2026-07-31,0.0000
2116,2026-07-30,0.0000
2117,2026-07-30,7.6667
2117,2026-07-31,7.6667
2117,2026-08-01,46.0000
2117,2026-08-02,0.0000
2117,2026-08-03,0.0000
2117,2026-08-04,0.0000
2117,2026-08-05,0.0000
2117,2026-08-06,0.0000
2117,2026-08-08,0.0000
2117,2026-08-09,0.0000
2117,2026-08-10,0.0000
2117,2026-08-11,0.0000
2118,2026-07-30,1.9167
2118,2026-07-31,0.0000
2118,2026-08-01,0.0000
2118,2026-08-02,15.3333
2118,2026-08-03,0.0000
2118,2026-08-04,0.0000
2118,2026-08-05,0.0000
2118,2026-08-06,0.0000
2118,2026-08-10,0.0000
2119,2026-07-30,0.0000
2119,2026-07-31,0.0000
2119,2026-08-01,0.0000
2119,2026-08-02,0.0000
2119,2026-08-04,0.0000
2119,2026-08-07,0.0000
2120,2026-07-31,0.0000
2120,2026-08-01,0.0000
2120,2026-08-02,0.0000
2120,2026-08-03,0.0000
2120,2026-08-04,0.0000
2121,2026-07-31,0.0000
2121,2026-08-01,0.0000
2121,2026-08-02,0.0000
2121,2026-08-03,0.0000
2121,2026-08-04,0.0000
2121,2026-08-05,0.0000
2121,2026-08-10,0.0000
2122,2026-08-01,0.0000
2122,2026-08-02,0.0000
2122,2026-08-03,0.0000
2122,2026-08-04,0.0000
2122,2026-08-06,0.0000
2123,2026-08-03,0.0000
2123,2026-08-04,0.0000
2123,2026-08-05,0.0000
2123,2026-08-06,0.0000
2123,2026-08-09,0.0000
2124,2026-08-03,0.0000
2125,2026-08-03,0.0000
2126,2026-08-01,0.0000
2126,2026-08-02,0.0000
2126,2026-08-03,0.0000
2126,2026-08-04,0.0000
2126,2026-08-07,0.0000
2127,2026-08-03,0.0000
2127,2026-08-04,0.0000
2127,2026-08-05,0.0000
2127,2026-08-10,0.0000
2128,2026-08-03,0.0000
2130,2026-07-31,10.7143
2130,2026-08-01,0.0000
2130,2026-08-02,0.0000
2130,2026-08-03,0.0000
2130,2026-08-04,0.0000
2130,2026-08-05,0.0000
2130,2026-08-09,0.0000
2130,2026-08-10,0.0000
2131,2026-07-31,4.1818
2131,2026-08-01,0.0000
2131,2026-08-02,0.0000
2131,2026-08-03,0.0000
2131,2026-08-04,0.0000
2131,2026-08-05,0.0000
2131,2026-08-06,0.0000
2131,2026-08-07,0.0000
2131,2026-08-10,0.0000
2132,2026-07-31,5.7500
2132,2026-08-01,0.0000
2132,2026-08-02,0.0000
2132,2026-08-03,0.0000
2132,2026-08-04,0.0000
2132,2026-08-05,0.0000
2132,2026-08-07,0.0000
2132,2026-08-08,0.0000
2133,2026-07-31,0.0000
2133,2026-08-01,37.5000
2133,2026-08-02,0.0000
2133,2026-08-03,0.0000
2133,2026-08-04,0.0000
2134,2026-07-31,0.0000
2134,2026-08-01,0.0000
2134,2026-08-02,0.0000
2134,2026-08-03,75.0000
2134,2026-08-04,0.0000
2134,2026-08-05,0.0000
2134,2026-08-07,0.0000
2134,2026-08-09,0.0000
2134,2026-08-10,0.0000
2137,2026-07-31,0.0000
2137,2026-08-01,0.0000
2137,2026-08-02,0.0000
2137,2026-08-03,0.0000
2137,2026-08-04,0.0000
2137,2026-08-05,0.0000
2137,2026-08-07,0.0000
2138,2026-07-31,0.0000
2138,2026-08-01,0.0000
2138,2026-08-03,0.0000
2138,2026-08-10,0.0000
2139,2026-07-31,0.0000
2140,2026-07-31,0.0000
2140,2026-08-01,15.3333
2140,2026-08-02,46.0000
2140,2026-08-03,0.0000
2140,2026-08-04,0.0000
2140,2026-08-06,0.0000
2140,2026-08-07,0.0000
2140,2026-08-08,46.0000
2140,2026-08-09,0.0000
2140,2026-08-10,0.0000
2141,2026-07-31,0.0000
2141,2026-08-01,0.0000
2141,2026-08-05,0.0000
2141,2026-08-07,0.0000
2141,2026-08-08,0.0000
2142,2026-07-31,0.0000
2142,2026-08-01,0.0000
2142,2026-08-02,0.0000
2142,2026-08-04,0.0000
2143,2026-07-31,0.0000
2143,2026-08-01,0.0000
2143,2026-08-02,0.0000
2143,2026-08-04,0.0000
2143,2026-08-05,0.0000
2143,2026-08-06,0.0000
2143,2026-08-09,0.0000
2144,2026-07-31,0.0000
2144,2026-08-01,0.0000
2144,2026-08-02,0.0000
2145,2026-07-31,0.0000
2146,2026-07-31,18.7500
2146,2026-08-01,0.0000
2146,2026-08-02,0.0000
2146,2026-08-03,0.0000
2146,2026-08-05,0.0000
2146,2026-08-06,0.0000
2146,2026-08-10,0.0000
2147,2026-07-31,0.0000
2147,2026-08-01,0.0000
2147,2026-08-02,0.0000
2147,2026-08-03,0.0000
2147,2026-08-07,0.0000
2147,2026-08-09,0.0000
2148,2026-07-31,0.0000
2149,2026-07-31,0.0000
2149,2026-08-01,0.0000
2149,2026-08-02,0.0000
2149,2026-08-03,0.0000
2149,2026-08-04,0.0000
2149,2026-08-05,0.0000
2149,2026-08-09,0.0000
2149,2026-08-10,0.0000
2149,2026-08-11,0.0000
2150,2026-07-31,0.0000
2152,2026-07-31,0.0000
2152,2026-08-01,0.0000
2152,2026-08-02,0.0000
2152,2026-08-03,0.0000
2152,2026-08-04,0.0000
2152,2026-08-05,0.0000
2152,2026-08-06,0.0000
2152,2026-08-07,0.0000
2152,2026-08-09,0.0000
2152,2026-08-10,0.0000
2152,2026-08-11,0.0000
2153,2026-07-31,7.1429
2153,2026-08-01,50.0000
2153,2026-08-02,0.0000
2153,2026-08-03,0.0000
2153,2026-08-04,0.0000
2153,2026-08-05,0.0000
2154,2026-07-31,9.2000
2154,2026-08-01,23.0000
2154,2026-08-02,0.0000
2154,2026-08-03,0.0000
2154,2026-08-04,0.0000
2154,2026-08-05,0.0000
2154,2026-08-06,0.0000
2154,2026-08-07,0.0000
2154,2026-08-08,23.0000
2154,2026-08-09,0.0000
2154,2026-08-10,0.0000
2154,2026-08-11,0.0000
2155,2026-07-31,0.0000
2155,2026-08-01,0.0000
2155,2026-08-02,0.0000
2155,2026-08-03,0.0000
2155,2026-08-04,0.0000
2155,2026-08-05,0.0000
2155,2026-08-07,0.0000
2155,2026-08-08,0.0000
2155,2026-08-10,0.0000
2156,2026-07-31,0.0000
2156,2026-08-01,0.0000
2156,2026-08-02,0.0000
2156,2026-08-03,0.0000
2156,2026-08-06,0.0000
2157,2026-08-01,8.6538
2157,2026-08-02,0.0000
2157,2026-08-03,75.0000
2157,2026-08-04,0.0000
2157,2026-08-06,0.0000
2157,2026-08-07,0.0000
2157,2026-08-09,0.0000
2158,2026-08-01,2.4211
2158,2026-08-02,0.0000
2158,2026-08-03,0.0000
2158,2026-08-04,0.0000
2158,2026-08-05,0.0000
2158,2026-08-06,0.0000
2158,2026-08-07,0.0000
2158,2026-08-10,0.0000
2159,2026-08-01,5.7500
2159,2026-08-02,0.0000
2159,2026-08-03,0.0000
2159,2026-08-04,0.0000
2159,2026-08-05,0.0000
2159,2026-08-06,0.0000
2159,2026-08-07,0.0000
2159,2026-08-08,0.0000
2160,2026-08-01,9.3750
2160,2026-08-02,0.0000
2160,2026-08-03,0.0000
2160,2026-08-04,0.0000
2160,2026-08-05,0.0000
2160,2026-08-06,0.0000
2160,2026-08-07,0.0000
2160,2026-08-08,0.0000
2161,2026-08-01,7.6471
2161,2026-08-02,0.0000
2161,2026-08-03,0.0000
2161,2026-08-04,0.0000
2161,2026-08-05,0.0000
2161,2026-08-07,0.0000
2161,2026-08-08,0.0000
2162,2026-08-01,0.0000
2162,2026-08-02,0.0000
2162,2026-08-03,0.0000
2162,2026-08-04,0.0000
2162,2026-08-05,0.0000
2162,2026-08-06,0.0000
2163,2026-08-01,18.7500
2163,2026-08-02,0.0000
2163,2026-08-03,0.0000
2163,2026-08-04,0.0000
2163,2026-08-05,0.0000
2163,2026-08-06,0.0000
2163,2026-08-08,0.0000
2164,2026-08-01,6.8182
2164,2026-08-02,0.0000
2164,2026-08-03,0.0000
2164,2026-08-04,0.0000
2164,2026-08-05,0.0000
2164,2026-08-09,0.0000
2164,2026-08-10,0.0000
2165,2026-08-01,15.3333
2165,2026-08-02,0.0000
2165,2026-08-03,0.0000
2165,2026-08-04,0.0000
2165,2026-08-05,0.0000
2165,2026-08-06,0.0000
2165,2026-08-07,0.0000
2165,2026-08-09,0.0000
2165,2026-08-10,0.0000
2165,2026-08-11,0.0000
2166,2026-08-01,0.0000
2166,2026-08-02,0.0000
2166,2026-08-03,0.0000
2166,2026-08-05,0.0000
2167,2026-08-01,30.0000
2167,2026-08-02,0.0000
2167,2026-08-03,0.0000
2167,2026-08-04,0.0000
2167,2026-08-10,0.0000
2169,2026-08-01,0.0000
2169,2026-08-02,0.0000
2169,2026-08-03,0.0000
2169,2026-08-04,0.0000
2169,2026-08-05,0.0000
2169,2026-08-06,0.0000
2169,2026-08-08,0.0000
2169,2026-08-09,0.0000
2169,2026-08-10,0.0000
2169,2026-08-11,0.0000
2170,2026-08-01,0.0000
2170,2026-08-02,0.0000
2170,2026-08-03,0.0000
2170,2026-08-04,0.0000
2170,2026-08-05,0.0000
2171,2026-08-11,46.0000
2172,2026-08-01,0.0000
2172,2026-08-02,37.5000
2172,2026-08-03,0.0000
2172,2026-08-04,0.0000
2172,2026-08-05,0.0000
2172,2026-08-06,0.0000
2172,2026-08-08,0.0000
2172,2026-08-10,0.0000
2173,2026-08-01,0.0000
2173,2026-08-02,0.0000
2173,2026-08-03,0.0000
2173,2026-08-10,0.0000
2174,2026-08-01,0.0000
2174,2026-08-04,0.0000
2175,2026-08-01,4.1818
2175,2026-08-02,9.2000
2175,2026-08-03,0.0000
2175,2026-08-04,0.0000
2175,2026-08-05,0.0000
2175,2026-08-06,0.0000
2175,2026-08-07,0.0000
2175,2026-08-08,0.0000
2175,2026-08-09,46.0000
2175,2026-08-10,0.0000
2175,2026-08-11,0.0000
2176,2026-08-01,0.0000
2176,2026-08-02,0.0000
2176,2026-08-03,0.0000
2176,2026-08-05,0.0000
2177,2026-08-01,0.0000
2177,2026-08-02,0.0000
2177,2026-08-08,23.0000
2177,2026-08-11,0.0000
2178,2026-08-01,7.6667
2178,2026-08-02,0.0000
2178,2026-08-03,0.0000
2178,2026-08-04,0.0000
2178,2026-08-05,0.0000
2178,2026-08-07,0.0000
2178,2026-08-08,0.0000
2179,2026-08-01,0.0000
2179,2026-08-02,0.0000
2179,2026-08-04,0.0000
2179,2026-08-10,0.0000
2180,2026-08-01,0.0000
2180,2026-08-03,0.0000
2180,2026-08-05,0.0000
2180,2026-08-10,0.0000
2181,2026-08-01,0.0000
2181,2026-08-02,10.8333
2181,2026-08-03,0.0000
2181,2026-08-04,0.0000
2181,2026-08-05,0.0000
2181,2026-08-06,0.0000
2181,2026-08-07,0.0000
2182,2026-08-01,0.0000
2182,2026-08-10,0.0000
2183,2026-08-01,0.0000
2184,2026-08-03,10.7143
2184,2026-08-04,0.0000
2184,2026-08-05,0.0000
2184,2026-08-06,0.0000
2184,2026-08-07,0.0000
2184,2026-08-08,0.0000
2184,2026-08-09,0.0000
2184,2026-08-11,0.0000
2185,2026-08-03,11.5000
2185,2026-08-04,0.0000
2185,2026-08-05,0.0000
2185,2026-08-06,0.0000
2185,2026-08-07,0.0000
2186,2026-08-03,1.6429
2186,2026-08-04,0.0000
2186,2026-08-05,0.0000
2186,2026-08-06,0.0000
2186,2026-08-07,0.0000
2186,2026-08-08,0.0000
2186,2026-08-09,0.0000
2186,2026-08-10,0.0000
2187,2026-08-03,0.0000
2187,2026-08-04,15.0000
2187,2026-08-05,0.0000
2187,2026-08-06,0.0000
2187,2026-08-07,0.0000
2187,2026-08-08,0.0000
2187,2026-08-09,0.0000
2187,2026-08-10,0.0000
2187,2026-08-11,0.0000
2188,2026-08-03,15.0000
2188,2026-08-04,0.0000
2188,2026-08-05,0.0000
2188,2026-08-06,0.0000
2188,2026-08-09,0.0000
2189,2026-08-03,0.0000
2189,2026-08-04,0.0000
2189,2026-08-05,0.0000
2189,2026-08-06,0.0000
2189,2026-08-09,0.0000
2189,2026-08-10,0.0000
2190,2026-08-04,0.0000
2190,2026-08-05,15.0000
2190,2026-08-06,0.0000
2190,2026-08-07,0.0000
2190,2026-08-08,0.0000
2190,2026-08-09,0.0000
2191,2026-08-04,0.0000
2191,2026-08-05,0.0000
2191,2026-08-06,0.0000
2191,2026-08-07,0.0000
2191,2026-08-08,0.0000
2191,2026-08-09,0.0000
2191,2026-08-10,0.0000
2192,2026-08-04,3.5385
2192,2026-08-05,0.0000
2192,2026-08-06,0.0000
2192,2026-08-07,0.0000
2192,2026-08-08,0.0000
2192,2026-08-09,0.0000
2192,2026-08-11,0.0000
2193,2026-08-04,2.8750
2193,2026-08-05,0.0000
2193,2026-08-06,0.0000
2193,2026-08-07,0.0000
2193,2026-08-08,0.0000
2193,2026-08-10,0.0000
2194,2026-08-04,0.0000
2194,2026-08-05,0.0000
2194,2026-08-06,0.0000
2194,2026-08-07,0.0000
2194,2026-08-08,0.0000
2195,2026-08-05,6.8182
2195,2026-08-06,0.0000
2195,2026-08-07,0.0000
2195,2026-08-08,0.0000
2195,2026-08-09,0.0000
2195,2026-08-10,0.0000
2196,2026-08-05,4.1818
2196,2026-08-06,0.0000
2196,2026-08-07,0.0000
2196,2026-08-08,23.0000
2196,2026-08-09,0.0000
2196,2026-08-10,0.0000
2196,2026-08-11,0.0000
2197,2026-08-05,3.0667
2197,2026-08-06,0.0000
2197,2026-08-07,0.0000
2197,2026-08-08,0.0000
2197,2026-08-10,0.0000
2197,2026-08-11,0.0000
2198,2026-08-05,4.6875
2198,2026-08-06,0.0000
2198,2026-08-07,0.0000
2198,2026-08-08,0.0000
2198,2026-08-09,0.0000
2198,2026-08-10,0.0000
2199,2026-08-05,0.0000
2199,2026-08-06,0.0000
2199,2026-08-07,0.0000
2199,2026-08-08,0.0000
2199,2026-08-09,0.0000
2199,2026-08-10,0.0000
2199,2026-08-11,0.0000
2200,2026-08-05,0.0000
2200,2026-08-06,0.0000
2200,2026-08-07,0.0000
2200,2026-08-09,0.0000
2200,2026-08-10,0.0000
2201,2026-08-03,3.9474
2201,2026-08-04,75.0000
2201,2026-08-05,0.0000
2201,2026-08-06,0.0000
2201,2026-08-07,0.0000
2201,2026-08-08,0.0000
2202,2026-08-03,23.0000
2202,2026-08-04,0.0000
2202,2026-08-05,0.0000
2202,2026-08-06,0.0000
2202,2026-08-07,0.0000
2202,2026-08-08,0.0000
2202,2026-08-09,0.0000
2202,2026-08-10,0.0000
2203,2026-08-03,0.0000
2203,2026-08-04,0.0000
2203,2026-08-05,0.0000
2203,2026-08-06,0.0000
2203,2026-08-07,0.0000
2203,2026-08-08,0.0000
2203,2026-08-09,0.0000
2203,2026-08-10,0.0000
2203,2026-08-11,0.0000
2204,2026-08-03,0.0000
2204,2026-08-04,0.0000
2204,2026-08-06,0.0000
2204,2026-08-07,0.0000
2204,2026-08-08,0.0000
2204,2026-08-10,0.0000
2205,2026-08-03,5.9091
2205,2026-08-04,0.0000
2205,2026-08-05,65.0000
2205,2026-08-06,0.0000
2205,2026-08-07,0.0000
2207,2026-08-03,0.0000
2207,2026-08-04,0.0000
2207,2026-08-09,0.0000
2208,2026-08-03,0.0000
2208,2026-08-04,0.0000
2208,2026-08-05,0.0000
2208,2026-08-06,0.0000
2208,2026-08-07,0.0000
2208,2026-08-08,0.0000
2208,2026-08-09,0.0000
2208,2026-08-10,0.0000
2209,2026-08-03,0.0000
2209,2026-08-04,0.0000
2209,2026-08-05,0.0000
2209,2026-08-06,0.0000
2209,2026-08-08,0.0000
2209,2026-08-09,0.0000
2209,2026-08-10,75.0000
2210,2026-08-03,0.0000
2210,2026-08-05,0.0000
2210,2026-08-06,0.0000
2211,2026-08-03,9.2000
2211,2026-08-04,46.0000
2211,2026-08-05,0.0000
2211,2026-08-06,0.0000
2211,2026-08-07,0.0000
2211,2026-08-08,0.0000
2211,2026-08-09,0.0000
2211,2026-08-10,0.0000
2211,2026-08-11,0.0000
2212,2026-08-03,0.0000
2212,2026-08-04,0.0000
2212,2026-08-08,0.0000
2213,2026-08-03,0.0000
2213,2026-08-04,46.0000
2213,2026-08-07,46.0000
2214,2026-08-03,11.5000
2214,2026-08-04,0.0000
2214,2026-08-05,0.0000
2214,2026-08-07,0.0000
2214,2026-08-08,0.0000
2214,2026-08-09,0.0000
2214,2026-08-10,0.0000
2214,2026-08-11,0.0000
2215,2026-08-03,0.0000
2215,2026-08-04,0.0000
2215,2026-08-05,23.0000
2215,2026-08-06,0.0000
2216,2026-08-03,0.0000
2217,2026-08-03,0.0000
2217,2026-08-04,0.0000
2217,2026-08-06,0.0000
2218,2026-08-03,0.0000
2218,2026-08-06,0.0000
2218,2026-08-07,0.0000
2219,2026-08-03,0.0000
2219,2026-08-05,0.0000
2220,2026-08-03,50.0000
2220,2026-08-04,0.0000
2220,2026-08-05,0.0000
2220,2026-08-08,0.0000
2220,2026-08-09,0.0000
2220,2026-08-10,0.0000
2221,2026-08-03,0.0000
2221,2026-08-04,0.0000
2221,2026-08-05,0.0000
2222,2026-08-03,0.0000
2222,2026-08-07,0.0000
2223,2026-08-06,0.0000
2223,2026-08-07,0.0000
2223,2026-08-08,0.0000
2223,2026-08-09,0.0000
2223,2026-08-11,0.0000
2224,2026-08-06,4.6000
2224,2026-08-07,0.0000
2224,2026-08-08,0.0000
2224,2026-08-09,0.0000
2224,2026-08-10,0.0000
2225,2026-08-06,6.5714
2225,2026-08-07,23.0000
2225,2026-08-08,0.0000
2225,2026-08-09,0.0000
2225,2026-08-10,0.0000
2225,2026-08-11,0.0000
2226,2026-08-06,0.0000
2226,2026-08-07,0.0000
2226,2026-08-08,0.0000
2226,2026-08-09,0.0000
2226,2026-08-10,0.0000
2227,2026-08-06,7.0769
2227,2026-08-07,0.0000
2227,2026-08-08,0.0000
2227,2026-08-09,0.0000
2227,2026-08-10,0.0000
2228,2026-08-06,0.0000
2228,2026-08-07,0.0000
2228,2026-08-08,0.0000
2228,2026-08-09,0.0000
2229,2026-08-04,4.4118
2229,2026-08-05,37.5000
2229,2026-08-06,0.0000
2229,2026-08-10,0.0000
2229,2026-08-11,0.0000
2230,2026-08-04,0.0000
2230,2026-08-05,0.0000
2230,2026-08-06,0.0000
2230,2026-08-07,0.0000
2231,2026-08-04,0.0000
2231,2026-08-05,23.0000
2231,2026-08-06,0.0000
2231,2026-08-07,0.0000
2231,2026-08-08,0.0000
2231,2026-08-10,0.0000
2231,2026-08-11,0.0000
2232,2026-08-04,5.7692
2232,2026-08-05,0.0000
2232,2026-08-06,0.0000
2232,2026-08-07,0.0000
2232,2026-08-08,0.0000
2232,2026-08-09,0.0000
2232,2026-08-11,0.0000
2234,2026-08-04,0.0000
2234,2026-08-05,0.0000
2234,2026-08-06,0.0000
2234,2026-08-07,0.0000
2234,2026-08-09,0.0000
2234,2026-08-10,0.0000
2234,2026-08-11,0.0000
2235,2026-08-04,12.5000
2235,2026-08-05,0.0000
2235,2026-08-06,0.0000
2235,2026-08-07,0.0000
2235,2026-08-08,0.0000
2235,2026-08-09,0.0000
2236,2026-08-04,0.0000
2236,2026-08-05,0.0000
2236,2026-08-06,0.0000
2236,2026-08-10,0.0000
2237,2026-08-04,0.0000
2237,2026-08-07,0.0000
2238,2026-08-04,0.0000
2238,2026-08-05,0.0000
2238,2026-08-06,0.0000
2238,2026-08-07,0.0000
2238,2026-08-08,0.0000
2238,2026-08-10,0.0000
2239,2026-08-04,0.0000
2239,2026-08-05,0.0000
2239,2026-08-06,0.0000
2239,2026-08-08,0.0000
2240,2026-08-04,0.0000
2240,2026-08-05,0.0000
2240,2026-08-06,0.0000
2241,2026-08-04,5.1111
2241,2026-08-05,23.0000
2241,2026-08-06,0.0000
2241,2026-08-07,0.0000
2241,2026-08-08,0.0000
2241,2026-08-09,0.0000
2241,2026-08-10,0.0000
2241,2026-08-11,0.0000
2242,2026-08-04,46.0000
2242,2026-08-05,0.0000
2242,2026-08-06,0.0000
2242,2026-08-07,0.0000
2242,2026-08-08,0.0000
2242,2026-08-10,0.0000
2243,2026-08-04,15.3333
2243,2026-08-06,0.0000
2244,2026-08-04,0.0000
2244,2026-08-05,0.0000
2244,2026-08-06,0.0000
2244,2026-08-07,0.0000
2244,2026-08-08,0.0000
2244,2026-08-10,0.0000
2245,2026-08-04,0.0000
2245,2026-08-05,0.0000
2245,2026-08-07,0.0000
2246,2026-08-04,0.0000
2246,2026-08-05,0.0000
2247,2026-08-04,75.0000
2247,2026-08-05,0.0000
2247,2026-08-06,0.0000
2247,2026-08-07,0.0000
2247,2026-08-08,0.0000
2247,2026-08-09,0.0000
2248,2026-08-04,0.0000
2248,2026-08-05,0.0000
2248,2026-08-09,0.0000
2249,2026-08-04,0.0000
2249,2026-08-05,0.0000
2249,2026-08-06,0.0000
2250,2026-08-04,0.0000
2250,2026-08-05,0.0000
2250,2026-08-06,0.0000
2250,2026-08-07,0.0000
2250,2026-08-09,0.0000
2250,2026-08-10,0.0000
2251,2026-08-04,0.0000
2251,2026-08-05,0.0000
2251,2026-08-07,0.0000
2252,2026-08-04,0.0000
2252,2026-08-05,0.0000
2252,2026-08-06,0.0000
2253,2026-08-04,0.0000
2253,2026-08-05,16.2500
2253,2026-08-06,0.0000
2253,2026-08-07,0.0000
2253,2026-08-08,0.0000
2253,2026-08-11,0.0000
2254,2026-08-04,0.0000
2255,2026-08-04,0.0000
2255,2026-08-05,0.0000
2255,2026-08-06,0.0000
2256,2026-08-05,9.3750
2256,2026-08-06,0.0000
2256,2026-08-07,0.0000
2256,2026-08-08,0.0000
2256,2026-08-09,0.0000
2256,2026-08-10,0.0000
2258,2026-08-05,11.5000
2258,2026-08-06,0.0000
2258,2026-08-07,0.0000
2258,2026-08-08,0.0000
2258,2026-08-09,0.0000
2258,2026-08-10,0.0000
2258,2026-08-11,0.0000
2259,2026-08-05,0.0000
2259,2026-08-06,46.0000
2259,2026-08-07,0.0000
2259,2026-08-08,0.0000
2259,2026-08-09,0.0000
2259,2026-08-10,0.0000
2260,2026-08-05,15.3333
2260,2026-08-06,0.0000
2260,2026-08-07,0.0000
2260,2026-08-08,0.0000
2261,2026-08-05,12.5000
2261,2026-08-06,0.0000
2261,2026-08-07,0.0000
2261,2026-08-08,0.0000
2261,2026-08-10,0.0000
2261,2026-08-11,0.0000
2262,2026-08-05,0.0000
2262,2026-08-06,0.0000
2262,2026-08-10,0.0000
2263,2026-08-05,0.0000
2263,2026-08-06,0.0000
2263,2026-08-07,37.5000
2263,2026-08-10,0.0000
2264,2026-08-05,0.0000
2264,2026-08-06,0.0000
2264,2026-08-07,0.0000
2264,2026-08-08,0.0000
2264,2026-08-09,0.0000
2264,2026-08-10,0.0000
2265,2026-08-05,0.0000
2265,2026-08-10,0.0000
2267,2026-08-05,5.1111
2267,2026-08-06,0.0000
2267,2026-08-07,0.0000
2267,2026-08-08,0.0000
2267,2026-08-09,0.0000
2267,2026-08-10,0.0000
2268,2026-08-05,0.0000
2268,2026-08-06,0.0000
2268,2026-08-10,0.0000
2268,2026-08-11,0.0000
2269,2026-08-05,0.0000
2269,2026-08-06,0.0000
2269,2026-08-08,0.0000
2269,2026-08-10,0.0000
2270,2026-08-05,0.0000
2270,2026-08-06,0.0000
2270,2026-08-07,75.0000
2270,2026-08-08,0.0000
2270,2026-08-09,0.0000
2270,2026-08-10,0.0000
2270,2026-08-11,0.0000
2271,2026-08-05,0.0000
2271,2026-08-06,0.0000
2271,2026-08-07,0.0000
2271,2026-08-09,0.0000
2271,2026-08-10,0.0000
2272,2026-08-05,0.0000
2272,2026-08-09,0.0000
2273,2026-08-05,0.0000
2273,2026-08-06,0.0000
2273,2026-08-07,0.0000
2273,2026-08-08,0.0000
2273,2026-08-09,0.0000
2273,2026-08-10,0.0000
2273,2026-08-11,0.0000
2274,2026-08-05,0.0000
2274,2026-08-06,0.0000
2275,2026-08-05,0.0000
2275,2026-08-06,0.0000
2276,2026-08-05,25.0000
2276,2026-08-07,0.0000
2276,2026-08-08,0.0000
2276,2026-08-09,0.0000
2277,2026-08-05,0.0000
2279,2026-08-06,0.0000
2279,2026-08-07,0.0000
2279,2026-08-08,0.0000
2279,2026-08-09,0.0000
2279,2026-08-10,0.0000
2279,2026-08-11,0.0000
2280,2026-08-06,5.1111
2280,2026-08-07,0.0000
2280,2026-08-08,0.0000
2280,2026-08-09,0.0000
2280,2026-08-10,0.0000
2281,2026-08-06,0.0000
2281,2026-08-07,23.0000
2281,2026-08-08,0.0000
2281,2026-08-09,0.0000
2281,2026-08-10,0.0000
2281,2026-08-11,0.0000
2282,2026-08-06,5.7692
2282,2026-08-07,0.0000
2282,2026-08-08,0.0000
2282,2026-08-09,0.0000
2282,2026-08-10,0.0000
2283,2026-08-06,0.0000
2283,2026-08-07,0.0000
2283,2026-08-08,0.0000
2283,2026-08-09,0.0000
2283,2026-08-10,0.0000
2285,2026-08-06,8.3333
2285,2026-08-07,0.0000
2285,2026-08-08,0.0000
2285,2026-08-09,0.0000
2285,2026-08-10,0.0000
2286,2026-08-06,0.0000
2286,2026-08-07,0.0000
2286,2026-08-08,0.0000
2286,2026-08-09,0.0000
2286,2026-08-10,0.0000
2287,2026-08-06,0.0000
2287,2026-08-09,0.0000
2288,2026-08-06,0.0000
2288,2026-08-07,0.0000
2288,2026-08-08,0.0000
2288,2026-08-09,0.0000
2288,2026-08-11,0.0000
2289,2026-08-06,0.0000
2289,2026-08-08,0.0000
2289,2026-08-09,0.0000
2291,2026-08-06,5.7500
2291,2026-08-07,9.2000
2291,2026-08-08,0.0000
2291,2026-08-09,0.0000
2291,2026-08-10,0.0000
2292,2026-08-06,0.0000
2292,2026-08-07,0.0000
2292,2026-08-09,0.0000
2292,2026-08-10,0.0000
2293,2026-08-06,15.3333
2293,2026-08-07,0.0000
2294,2026-08-06,7.6667
2294,2026-08-07,0.0000
2294,2026-08-08,0.0000
2294,2026-08-09,0.0000
2294,2026-08-10,0.0000
2294,2026-08-11,0.0000
2295,2026-08-06,0.0000
2295,2026-08-07,0.0000
2295,2026-08-08,0.0000
2295,2026-08-09,0.0000
2295,2026-08-10,0.0000
2295,2026-08-11,0.0000
2296,2026-08-09,0.0000
2297,2026-08-06,0.0000
2297,2026-08-07,0.0000
2297,2026-08-08,0.0000
2297,2026-08-09,0.0000
2298,2026-08-06,0.0000
2298,2026-08-07,0.0000
2299,2026-08-06,0.0000
2300,2026-08-07,5.5556
2300,2026-08-08,10.7143
2300,2026-08-09,0.0000
2300,2026-08-10,0.0000
2300,2026-08-11,0.0000
2301,2026-08-07,15.3333
2301,2026-08-08,0.0000
2301,2026-08-09,0.0000
2301,2026-08-10,0.0000
2301,2026-08-11,0.0000
2302,2026-08-07,2.3000
2302,2026-08-08,15.3333
2302,2026-08-09,0.0000
2302,2026-08-10,0.0000
2302,2026-08-11,0.0000
2303,2026-08-07,3.7500
2303,2026-08-08,0.0000
2303,2026-08-09,0.0000
2303,2026-08-10,0.0000
2303,2026-08-11,0.0000
2304,2026-08-07,75.0000
2304,2026-08-08,0.0000
2304,2026-08-09,0.0000
2304,2026-08-10,0.0000
2305,2026-08-07,3.9474
2305,2026-08-08,0.0000
2305,2026-08-09,0.0000
2305,2026-08-10,0.0000
2305,2026-08-11,0.0000
2306,2026-08-07,15.3333
2306,2026-08-08,0.0000
2306,2026-08-09,0.0000
2306,2026-08-10,0.0000
2307,2026-08-07,4.6000
2307,2026-08-08,0.0000
2307,2026-08-09,0.0000
2307,2026-08-10,0.0000
2307,2026-08-11,0.0000
2308,2026-08-07,16.6667
2308,2026-08-08,0.0000
2308,2026-08-09,0.0000
2308,2026-08-10,0.0000
2309,2026-08-07,0.0000
2309,2026-08-08,0.0000
2309,2026-08-09,0.0000
2309,2026-08-10,0.0000
2311,2026-08-07,0.0000
2311,2026-08-08,0.0000
2311,2026-08-09,0.0000
2311,2026-08-10,0.0000
2312,2026-08-07,0.0000
2313,2026-08-07,0.0000
2314,2026-08-07,9.2000
2314,2026-08-08,23.0000
2314,2026-08-09,0.0000
2314,2026-08-10,0.0000
2314,2026-08-11,0.0000
2315,2026-08-07,0.0000
2315,2026-08-08,0.0000
2315,2026-08-10,0.0000
2316,2026-08-07,0.0000
2316,2026-08-09,0.0000
2317,2026-08-07,11.5000
2317,2026-08-08,0.0000
2317,2026-08-09,15.3333
2317,2026-08-10,0.0000
2318,2026-08-07,0.0000
2318,2026-08-08,0.0000
2319,2026-08-07,0.0000
2319,2026-08-10,0.0000
2320,2026-08-07,0.0000
2320,2026-08-08,37.5000
2320,2026-08-09,0.0000
2320,2026-08-10,0.0000
2321,2026-08-07,0.0000
2321,2026-08-08,0.0000
2321,2026-08-09,0.0000
2321,2026-08-10,0.0000
2322,2026-08-07,0.0000
2322,2026-08-10,0.0000
2323,2026-08-07,0.0000
2323,2026-08-08,18.4000
2323,2026-08-09,0.0000
2323,2026-08-10,0.0000
2324,2026-08-07,0.0000
2324,2026-08-08,0.0000
2324,2026-08-09,0.0000
2324,2026-08-11,0.0000
2325,2026-08-07,0.0000
2326,2026-08-07,0.0000
2326,2026-08-08,0.0000
2326,2026-08-09,0.0000
2326,2026-08-10,25.0000
2326,2026-08-11,0.0000
2327,2026-08-07,0.0000
2327,2026-08-08,0.0000
2327,2026-08-09,0.0000
2329,2026-08-08,3.5714
2329,2026-08-09,0.0000
2329,2026-08-10,0.0000
2329,2026-08-11,0.0000
2330,2026-08-08,23.0000
2330,2026-08-09,0.0000
2330,2026-08-10,0.0000
2330,2026-08-11,0.0000
2331,2026-08-08,7.6667
2331,2026-08-09,0.0000
2331,2026-08-10,0.0000
2331,2026-08-11,0.0000
2332,2026-08-08,6.2500
2332,2026-08-09,0.0000
2332,2026-08-10,0.0000
2332,2026-08-11,0.0000
2333,2026-08-08,30.0000
2333,2026-08-09,0.0000
2333,2026-08-10,37.5000
2333,2026-08-11,0.0000
2334,2026-08-08,10.7143
2334,2026-08-09,0.0000
2334,2026-08-10,0.0000
2334,2026-08-11,0.0000
2335,2026-08-08,0.0000
2335,2026-08-09,0.0000
2335,2026-08-10,0.0000
2336,2026-08-08,0.0000
2336,2026-08-09,0.0000
2337,2026-08-08,0.0000
2337,2026-08-09,15.3333
2337,2026-08-10,0.0000
2338,2026-08-08,0.0000
2338,2026-08-09,0.0000
2339,2026-08-08,0.0000
2339,2026-08-09,0.0000
2340,2026-08-08,0.0000
2340,2026-08-09,0.0000
2340,2026-08-10,0.0000
2340,2026-08-11,0.0000
2341,2026-08-08,0.0000
2341,2026-08-10,0.0000
2341,2026-08-11,0.0000
2342,2026-08-08,46.0000
2343,2026-08-08,0.0000
2343,2026-08-09,0.0000
2343,2026-08-10,0.0000
2343,2026-08-11,0.0000
2344,2026-08-08,0.0000
2345,2026-08-08,0.0000
2345,2026-08-09,0.0000
2346,2026-08-08,0.0000
2346,2026-08-09,11.5000
2346,2026-08-10,46.0000
2347,2026-08-08,0.0000
2347,2026-08-09,0.0000
2347,2026-08-10,0.0000
2348,2026-08-08,0.0000
2349,2026-08-08,25.0000
2349,2026-08-09,0.0000
2349,2026-08-10,0.0000
2350,2026-08-08,0.0000
2350,2026-08-09,0.0000
2351,2026-08-08,0.0000
2352,2026-08-08,4.6875
2352,2026-08-09,0.0000
2352,2026-08-10,0.0000
2352,2026-08-11,0.0000
2353,2026-08-08,0.0000
2353,2026-08-09,0.0000
2353,2026-08-10,0.0000
2353,2026-08-11,0.0000
2354,2026-08-08,10.0000
2354,2026-08-09,0.0000
2354,2026-08-10,0.0000
2354,2026-08-11,0.0000
2355,2026-08-08,3.6111
2355,2026-08-09,0.0000
2355,2026-08-10,0.0000
2355,2026-08-11,0.0000
2356,2026-08-08,0.0000
2356,2026-08-09,0.0000
2356,2026-08-10,0.0000
2356,2026-08-11,0.0000
2357,2026-08-08,0.0000
2357,2026-08-09,25.0000
2357,2026-08-10,0.0000
2357,2026-08-11,0.0000
2358,2026-08-10,12.5000
2358,2026-08-11,0.0000
2359,2026-08-10,0.0000
2359,2026-08-11,0.0000
2360,2026-08-10,0.0000
2360,2026-08-11,37.5000
2361,2026-08-10,0.0000
2361,2026-08-11,0.0000
2362,2026-08-10,0.0000
2362,2026-08-11,0.0000
2363,2026-08-10,0.0000
2363,2026-08-11,0.0000
2364,2026-08-10,0.0000
2365,2026-08-10,0.0000
2366,2026-08-10,3.7500
2366,2026-08-11,0.0000
2367,2026-08-10,0.0000
2367,2026-08-11,0.0000
2368,2026-08-10,0.0000
2368,2026-08-11,0.0000
2369,2026-08-10,0.0000
2369,2026-08-11,9.2000
2370,2026-08-10,0.0000
2371,2026-08-10,0.0000
2372,2026-08-10,15.0000
2372,2026-08-11,18.7500
2373,2026-08-10,0.0000
2374,2026-08-10,0.0000
2375,2026-08-10,0.0000
2375,2026-08-11,18.7500
2376,2026-08-10,1.4706
2376,2026-08-11,0.0000
2377,2026-08-10,0.0000
2377,2026-08-11,0.0000
2378,2026-08-10,1.9403
2378,2026-08-11,0.0000
2379,2026-08-10,1.3158
2379,2026-08-11,0.0000
2380,2026-08-10,1.5625
2380,2026-08-11,0.0000
2381,2026-08-10,10.2273
2381,2026-08-11,0.0000
2382,2026-08-10,5.4167
2382,2026-08-11,0.0000
2383,2026-08-10,0.0000
2383,2026-08-11,0.0000
2384,2026-08-10,0.0000
2384,2026-08-11,0.0000
2385,2026-08-10,0.0000
2385,2026-08-11,0.0000
2386,2026-08-10,6.9000
2386,2026-08-11,0.0000
2387,2026-08-10,0.0000
2388,2026-08-11,0.0000
2389,2026-08-11,0.0000
2391,2026-08-11,0.0000
2392,2026-08-11,0.0000
2393,2026-08-11,0.0000
2395,2026-08-11,0.0000
2396,2026-08-11,0.0000
2398,2026-08-11,0.0000
2399,2026-08-11,0.0000
2401,2026-08-11,0.0000
2402,2026-08-11,0.0000
2404,2026-08-11,0.0000
2406,2026-08-11,3.0000
2407,2026-08-11,0.0000
2408,2026-08-11,0.0000
2409,2026-08-11,0.0000
2410,2026-08-11,8.3333
2411,2026-08-11,0.0000
2412,2026-08-11,0.0000
2413,2026-08-11,0.0000
2414,2026-08-11,18.7500
2415,2026-08-11,0.0000
2416,2026-08-11,0.0000
2417,2026-08-11,0.0000
2418,2026-08-11,18.4000
2419,2026-08-11,15.3333
2420,2026-08-11,0.0000
2421,2026-08-11,0.0000
